50 0
1.000429469661886 0.04156043908241574 -0.9995570700432302 0.007984720155643228 0.01961137577202636 -5.53624407528521e-13 -6.760568971344405e-05 -9.151463152176743e-14 -5.53624407528521e-13 0.01961137577391409 -7.46516786561972e-13 -6.760569068898092e-05 -6.760568971344405e-05 -7.46516786561972e-13 1.0099104934050398 -1.069767894615123e-13 -9.151463152176742e-14 -6.760569068898092e-05 -1.0697678946151227e-13 1.009910493405867 5.23987160364e-10
1.0012774429205937 0.03996628415962399 0.0007281731821254553 -0.9925710884025324 0.019612895053539973 8.264631858419647e-07 -6.72592446015932e-05 5.865470046546266e-08 8.264631858419647e-07 0.019612016913888135 2.0199723730186636e-07 -6.741537830172837e-05 -6.72592446015932e-05 2.0199723730186636e-07 1.0099105986898413 4.942070031200984e-08 5.865470046546266e-08 -6.741537830172837e-05 4.942070031200984e-08 1.009910600296425 1.32114231757e-09
1.0020653127288248 0.039969162066824396 1.0010026258377018 0.007432503801446896 0.019612973207774057 -7.993552838026421e-09 -6.715010563273419e-05 -1.6070544645676721e-07 -7.993552838026421e-09 0.019611993086071308 -5.828868740484403e-08 -6.741560344187139e-05 -6.715010563273419e-05 -5.828868740484403e-08 1.0099106205376873 -5.6093522456887844e-08 -1.6070544645676721e-07 -6.741560344187139e-05 -5.6093522456887844e-08 1.0099105591226578 1.19861419262e-09
1.0004513127456778 0.0004936708898145389 0.00045029085278759575 0.0004576763806733541 0.01994750209069574 6.313563887023039e-08 4.675117887714887e-05 1.1349620194819762e-08 6.313563887023039e-08 0.019949269818729028 2.142071905734391e-08 4.7069447036281276e-05 4.675117887714887e-05 2.142071905734391e-08 1.0099478245306006 3.8859047700357085e-09 1.1349620194819762e-08 4.7069447036281276e-05 3.8859047700357085e-09 1.0099478817781382 1.42613965522e-06
1.000449763282483 0.005184113624408208 0.0004497632824829037 1.0051841136244082 0.019947864854870545 0.0 4.6874755860646546e-05 0.0 0.0 0.019947864854870545 0.0 4.6874755860646546e-05 4.6874755860646546e-05 0.0 1.0099478648548705 0.0 0.0 4.6874755860646546e-05 0.0 1.0099478648548705 1.42458848043e-06
1.0051841136244082 0.00044976328248290366 0.005184113624408209 1.000449763282483 0.019947864854870545 0.0 4.6874755860646546e-05 0.0 0.0 0.019947864854870545 0.0 4.6874755860646546e-05 4.6874755860646546e-05 0.0 1.0099478648548705 0.0 0.0 4.6874755860646546e-05 0.0 1.0099478648548705 1.42458848043e-06
1.0051841136244082 0.005184113624408208 0.005184113624408209 1.0051841136244082 0.019947864854870545 0.0 4.6874755860646546e-05 0.0 0.0 0.019947864854870545 0.0 4.6874755860646546e-05 4.6874755860646546e-05 0.0 1.0099478648548705 0.0 0.0 4.6874755860646546e-05 0.0 1.0099478648548705 1.42458848043e-06
1.0028169384534455 0.0028169384534455556 0.002816938453445556 1.0028169384534455 0.019947864854870545 0.0 4.6874755860646546e-05 0.0 0.0 0.019947864854870545 0.0 4.6874755860646546e-05 4.6874755860646546e-05 0.0 1.0099478648548705 0.0 0.0 4.6874755860646546e-05 0.0 1.0099478648548705 2.00214502996e-06
1.953009998883441 -0.004393952641605173 0.2203952420464582 0.04650244854927157 0.028956838387548495 2.059033729915761e-05 -0.015517664595842135 -0.00010915176395907821 2.059033729915761e-05 0.029052847144527907 -2.0899352335814507e-05 -0.01604958898998108 -0.015517664595842135 -2.0899352335814507e-05 1.1037176073206494 0.00011168531039639629 -0.00010915176395907821 -0.01604958898998108 0.00011168531039639629 1.1065697768765632 1.8286867358e-09
1.9538120493247828 -0.012251546025357338 -0.7755404225383378 0.09735104761161069 0.02895413771153425 1.679525580604372e-06 -0.015514698351450277 -5.4729027026126306e-06 1.679525580604372e-06 0.028980899709315184 2.8811080550435465e-05 -0.015670871269943563 -0.015514698351450277 2.8811080550435465e-05 1.1038012811836169 -0.00013678383414836135 -5.4729027026126306e-06 -0.015670871269943563 -0.00013678383414836135 1.1049998226635014 2.52880299768e-09
1.9513185820172887 -0.01057192907949172 -0.7710549767383938 1.106356164518866 0.02895370434509739 9.553988547664887e-08 -0.015507479807495478 7.005150292206016e-06 9.553988547664887e-08 0.028956451799762594 -6.1567655409609445e-06 -0.015531522120247256 -0.015507479807495478 -6.1567655409609445e-06 1.1038203349909903 7.889317684401294e-05 7.005150292206016e-06 -0.015531522120247256 7.889317684401294e-05 1.1038847596332422 1.30587747204e-09
2.198809335956771 0.016884910759225377 -0.9511436324333996 -0.32097569286765 0.153461747167637 -6.792461915363051e-05 -0.12698508592268648 0.0002975153353966945 -6.79246191536305e-05 0.15183251884809498 0.0001041826872708714 -0.12673767279832912 -0.1269850859226865 0.0001041826872708714 1.2081563423428565 0.00837069437189366 0.0002975153353966945 -0.12673767279832912 0.00837069437189366 1.4737246560537476 5.42876910308e-10
2.190709293212236 0.010428111279000375 0.061998403970357205 -0.002842586269250386 0.1523700366818849 -6.0522179643976236e-05 -0.12765610937425842 7.676206017242216e-05 -6.0522179643976236e-05 0.15234342379987215 0.00040121560360108536 -0.12742892761593405 -0.12765610937425842 0.00040121560360108536 1.208087556797034 -0.0003209659265030725 7.676206017242216e-05 -0.12742892761593405 -0.0003209659265030725 1.205912463248717 3.63896588246e-10
1.6628835587868391 0.030523981642213413 -0.516404068842036 -0.01979644734026111 0.1950101385010321 0.0 -0.16467588288261645 0.0 0.0 0.19500760944522386 0.0 -0.16468504030628014 -0.16467588288261645 0.0 1.238303911563251 0.0 0.0 -0.16468504030628014 0.0 1.2382707535728723 1.73478510602e-07
1.6338847735237998 0.02749048608567714 0.5012491389942054 -0.01782906196617098 0.19501808709832033 -8.254834984615452e-06 -0.16469183562905962 5.353705423852272e-06 -8.254834984615452e-06 0.19503100303918233 5.353705423852404e-06 -0.16470021231287896 -0.16469183562905962 5.353705423852404e-06 1.2382751607059634 -3.4721665325598453e-06 5.353705423852272e-06 -0.16470021231287896 -3.4721665325598453e-06 1.2382805934369243 2.47468199828e-07
1.6339566687407254 0.0015490562220303772 0.5064431415761718 0.0029834441164130767 0.19502463045281887 1.3064110684948932e-05 -0.1646600925302463 1.5056248986928781e-05 1.3064110684948932e-05 0.195020579290487 1.5411021241176426e-05 -0.164667965841299 -0.1646600925302463 1.5411021241176426e-05 1.2383442611660975 2.8742246060815715e-05 1.5056248986928781e-05 -0.164667965841299 2.8742246060815715e-05 1.2383162580569715 2.18180311434e-07
1.6546100817221663 0.009729814570726218 -0.5021238840836463 1.0255781383239053 0.1950857656399129 -1.915106287822001e-05 -0.16474622440375578 3.4947330050741684e-05 -1.915106287822001e-05 0.19505208451900308 -2.907647466721745e-05 -0.1646685970695061 -0.16474622440375578 -2.907647466721745e-05 1.2384403888571607 -9.229869192863097e-05 3.4947330050741684e-05 -0.1646685970695061 -9.229869192863097e-05 1.2383351602819985 7.51284509866e-09
1.6459605875437164 0.016171341060323516 -0.5044382475743063 -1.0089761352122244 0.19504775516826903 2.4222990179828955e-05 -0.16469259729522226 -3.6381461297565663e-06 2.4222990179828955e-05 0.19504974843033313 1.969608945046146e-06 -0.16469572319210876 -0.16469259729522226 1.969608945046146e-06 1.2383180810158705 1.7112627924003377e-05 -3.6381461297565663e-06 -0.16469572319210876 1.7112627924003377e-05 1.238297611336455 4.43469081822e-07
1.6593509480240618 0.004879553106939782 0.48802167359184595 -0.000949682737868911 0.19503810501636398 1.6089159880821359e-06 -0.16468896447180875 1.316674324700394e-05 1.6089159880821359e-06 0.1950406244071506 1.7912534691039146e-05 -0.1646978020414182 -0.16468896447180875 1.7912534691039146e-05 1.2383418489490923 1.739953709859942e-05 1.316674324700394e-05 -0.1646978020414182 1.739953709859942e-05 1.2383140312907512 4.21428598625e-07
1.6539179394644496 0.028277344180348215 0.49517951604767074 -0.01126232951140163 0.19506894958053467 1.4577534803368743e-05 -0.16470083678928998 2.7710034570531388e-05 1.4577534803368743e-05 0.19503893185511342 2.3229396518569353e-05 -0.16466274671007738 -0.16470083678928998 2.3229396518569353e-05 1.2383863869285607 3.0102462180966707e-05 2.7710034570531388e-05 -0.16466274671007738 3.0102462180966707e-05 1.2383537818266885 1.55792617637e-07
1.6448102813768126 0.021244334708534 -0.48983193188080776 0.004269099621150805 0.1951149397556355 -5.122002209584534e-05 -0.1646872372861978 4.492197600067069e-05 -5.122002209584534e-05 0.19510914171157626 3.284841118673926e-05 -0.16470809856155189 -0.1646872372861978 3.284841118673926e-05 1.238334903622011 -2.023849877957674e-05 4.492197600067069e-05 -0.16470809856155189 -2.023849877957674e-05 1.2383787967141424 1.29894487521e-07
1.0 0.0 0.0 0.0 0.28624309392265185 0.0 -0.22375690607734797 0.0 0.0 0.28624309392265185 0.0 -0.22375690607734797 -0.22375690607734797 0.0 1.276243093922652 0.0 0.0 -0.22375690607734797 0.0 1.276243093922652 0.000316628698882
1.0 0.024861878453038694 0.0 0.024861878453038694 0.28624309392265185 0.0 -0.22375690607734797 0.0 0.0 0.28624309392265185 0.0 -0.22375690607734797 -0.22375690607734797 0.0 1.276243093922652 0.0 0.0 -0.22375690607734797 0.0 1.276243093922652 3.75679330876e-05
1.0248618784530388 0.0 0.024861878453038694 0.0 0.28624309392265185 0.0 -0.22375690607734797 0.0 0.0 0.28624309392265185 0.0 -0.22375690607734797 -0.22375690607734797 0.0 1.276243093922652 0.0 0.0 -0.22375690607734797 0.0 1.276243093922652 3.75679330876e-05
1.0124309392265194 0.012430939226519347 0.012430939226519347 0.012430939226519347 0.28624309392265185 0.0 -0.22375690607734797 0.0 0.0 0.28624309392265185 0.0 -0.22375690607734797 -0.22375690607734797 0.0 1.276243093922652 0.0 0.0 -0.22375690607734797 0.0 1.276243093922652 0.000109064594499
1.0 0.024861878453038694 0.0 0.024861878453038694 0.28624309392265185 0.0 -0.22375690607734797 0.0 0.0 0.28624309392265185 0.0 -0.22375690607734797 -0.22375690607734797 0.0 1.276243093922652 0.0 0.0 -0.22375690607734797 0.0 1.276243093922652 3.75679330876e-05
1.0 0.04972375690607739 0.0 0.04972375690607739 0.28624309392265185 0.0 -0.22375690607734797 0.0 0.0 0.28624309392265185 0.0 -0.22375690607734797 -0.22375690607734797 0.0 1.276243093922652 0.0 0.0 -0.22375690607734797 0.0 1.276243093922652 0.000316628698882
1.0248618784530388 0.024861878453038694 0.024861878453038694 0.024861878453038694 0.28624309392265185 0.0 -0.22375690607734797 0.0 0.0 0.28624309392265185 0.0 -0.22375690607734797 -0.22375690607734797 0.0 1.276243093922652 0.0 0.0 -0.22375690607734797 0.0 1.276243093922652 4.45742790043e-06
1.0248618784530388 0.04972375690607739 0.024861878453038694 0.04972375690607739 0.28624309392265185 0.0 -0.22375690607734797 0.0 0.0 0.28624309392265185 0.0 -0.22375690607734797 -0.22375690607734797 0.0 1.276243093922652 0.0 0.0 -0.22375690607734797 0.0 1.276243093922652 3.75679330876e-05
1.0124309392265194 0.03729281767955803 0.012430939226519347 0.03729281767955803 0.28624309392265185 0.0 -0.22375690607734797 0.0 0.0 0.28624309392265185 0.0 -0.22375690607734797 -0.22375690607734797 0.0 1.276243093922652 0.0 0.0 -0.22375690607734797 0.0 1.276243093922652 0.000109064594499
1.0248618784530388 0.0 0.024861878453038694 0.0 0.28624309392265185 0.0 -0.22375690607734797 0.0 0.0 0.28624309392265185 0.0 -0.22375690607734797 -0.22375690607734797 0.0 1.276243093922652 0.0 0.0 -0.22375690607734797 0.0 1.276243093922652 3.75679330876e-05
1.0248618784530388 0.024861878453038694 0.024861878453038694 0.024861878453038694 0.28624309392265185 0.0 -0.22375690607734797 0.0 0.0 0.28624309392265185 0.0 -0.22375690607734797 -0.22375690607734797 0.0 1.276243093922652 0.0 0.0 -0.22375690607734797 0.0 1.276243093922652 4.45742790043e-06
1.0497237569060773 0.0 0.04972375690607739 0.0 0.28624309392265185 0.0 -0.22375690607734797 0.0 0.0 0.28624309392265185 0.0 -0.22375690607734797 -0.22375690607734797 0.0 1.276243093922652 0.0 0.0 -0.22375690607734797 0.0 1.276243093922652 0.000316628698882
1.0497237569060773 0.024861878453038694 0.04972375690607739 0.024861878453038694 0.28624309392265185 0.0 -0.22375690607734797 0.0 0.0 0.28624309392265185 0.0 -0.22375690607734797 -0.22375690607734797 0.0 1.276243093922652 0.0 0.0 -0.22375690607734797 0.0 1.276243093922652 3.75679330876e-05
1.037292817679558 0.012430939226519347 0.03729281767955803 0.012430939226519347 0.28624309392265185 0.0 -0.22375690607734797 0.0 0.0 0.28624309392265185 0.0 -0.22375690607734797 -0.22375690607734797 0.0 1.276243093922652 0.0 0.0 -0.22375690607734797 0.0 1.276243093922652 0.000109064594499
1.0248618784530388 0.024861878453038694 0.024861878453038694 0.024861878453038694 0.28624309392265185 0.0 -0.22375690607734797 0.0 0.0 0.28624309392265185 0.0 -0.22375690607734797 -0.22375690607734797 0.0 1.276243093922652 0.0 0.0 -0.22375690607734797 0.0 1.276243093922652 4.45742790043e-06
1.0248618784530388 0.04972375690607739 0.024861878453038694 0.04972375690607739 0.28624309392265185 0.0 -0.22375690607734797 0.0 0.0 0.28624309392265185 0.0 -0.22375690607734797 -0.22375690607734797 0.0 1.276243093922652 0.0 0.0 -0.22375690607734797 0.0 1.276243093922652 3.75679330876e-05
1.0497237569060773 0.024861878453038694 0.04972375690607739 0.024861878453038694 0.28624309392265185 0.0 -0.22375690607734797 0.0 0.0 0.28624309392265185 0.0 -0.22375690607734797 -0.22375690607734797 0.0 1.276243093922652 0.0 0.0 -0.22375690607734797 0.0 1.276243093922652 3.75679330876e-05
1.0497237548771075 0.04972376889030393 0.049723762621296824 0.04972373194532629 0.28624308270127663 -5.795588247606005e-10 -0.22375689694609496 1.2147314729745416e-09 -5.795588247606005e-10 0.2862430860216412 1.6233264710656632e-09 -0.2237569038107685 -0.22375689694609496 1.6233264710656632e-09 1.2762430898566375 9.221023122582292e-10 1.2147314729745416e-09 -0.2237569038107685 9.221023122582292e-10 1.2762431079454784 0.000316628712179
1.037292817679558 0.03729281767955803 0.03729281767955803 0.03729281767955803 0.28624309392265185 0.0 -0.22375690607734797 0.0 0.0 0.28624309392265185 0.0 -0.22375690607734797 -0.22375690607734797 0.0 1.276243093922652 0.0 0.0 -0.22375690607734797 0.0 1.276243093922652 0.000109064594499
1.0124309392265194 0.012430939226519347 0.012430939226519347 0.012430939226519347 0.28624309392265185 0.0 -0.22375690607734797 0.0 0.0 0.28624309392265185 0.0 -0.22375690607734797 -0.22375690607734797 0.0 1.276243093922652 0.0 0.0 -0.22375690607734797 0.0 1.276243093922652 0.000109064594499
1.0124309392265194 0.03729281767955803 0.012430939226519347 0.03729281767955803 0.28624309392265185 0.0 -0.22375690607734797 0.0 0.0 0.28624309392265185 0.0 -0.22375690607734797 -0.22375690607734797 0.0 1.276243093922652 0.0 0.0 -0.22375690607734797 0.0 1.276243093922652 0.000109064594499
1.037292817679558 0.012430939226519347 0.03729281767955803 0.012430939226519347 0.28624309392265185 0.0 -0.22375690607734797 0.0 0.0 0.28624309392265185 0.0 -0.22375690607734797 -0.22375690607734797 0.0 1.276243093922652 0.0 0.0 -0.22375690607734797 0.0 1.276243093922652 0.000109064594499
1.037292817679558 0.03729281767955803 0.03729281767955803 0.03729281767955803 0.28624309392265185 0.0 -0.22375690607734797 0.0 0.0 0.28624309392265185 0.0 -0.22375690607734797 -0.22375690607734797 0.0 1.276243093922652 0.0 0.0 -0.22375690607734797 0.0 1.276243093922652 0.000109064594499
1.0248618784530388 0.024861878453038697 0.024861878453038697 0.024861878453038697 0.28624309392265185 0.0 -0.22375690607734797 0.0 0.0 0.28624309392265185 0.0 -0.22375690607734797 -0.22375690607734797 0.0 1.276243093922652 0.0 0.0 -0.22375690607734797 0.0 1.276243093922652 0.000321086126783
0 0 0 0 10.0 0 9.0 0 0 10.0 0 9.0 9.0 0 10.0 0 0 9.0 0 10.0 1
0 9 0 9 10.0 0 9.0 0 0 10.0 0 9.0 9.0 0 10.0 0 0 9.0 0 10.0 1
9 0 9 0 10.0 0 9.0 0 0 10.0 0 9.0 9.0 0 10.0 0 0 9.0 0 10.0 1
9 9 9 9 10.0 0 9.0 0 0 10.0 0 9.0 9.0 0 10.0 0 0 9.0 0 10.0 1
4.5 4.5 4.5 4.5 10.0 0 9.0 0 0 10.0 0 9.0 9.0 0 10.0 0 0 9.0 0 10.0 1
50 3
0.00042946965422610675 1.040428156385718 -0.9995570700528493 0.007594795576538738 0.019611375784142543 2.7489232135869376e-23 -6.760569022905809e-05 9.466490536855202e-24 2.7489232135869376e-23 0.01961252589455299 0.0 -6.720962571684912e-05 -6.760569022905809e-05 0.0 1.0099104934046894 0.0 9.466490536855202e-24 -6.720962571684912e-05 0.0 1.0099106297977665 1.17001828805e-09
0.002286532670713149 1.039474709857417 0.0010687605187574432 -0.9927438593288631 0.019612849051419697 3.254308516059231e-07 -6.743988804890937e-05 -1.9156879213106922e-07 3.254308516059231e-07 0.019611521806296762 -7.44221283400735e-08 -6.760249063448127e-05 -6.743988804890937e-05 -7.44221283400735e-08 1.0099105586524926 -2.0525174679365968e-08 -1.9156879213106922e-07 -6.760249063448127e-05 -2.0525174679365968e-08 1.0099105700196496 7.20088418269e-10
0.0019237238696325429 1.0405898536506335 0.0009354392635411584 0.007626095528844454 0.01961502102688711 1.05979273749149e-06 -6.693089887089747e-05 -4.4461665987391187e-07 1.05979273749149e-06 0.01961170884347875 1.3316079251847718e-07 -6.759906098846176e-05 -6.693089887089747e-05 1.3316079251847718e-07 1.0099106711705799 -2.3490548883925477e-08 -4.4461665987391187e-07 -6.759906098846176e-05 -2.3490548883925477e-08 1.009910639130298 5.5710098946e-10
0.0018959300811553874 1.0407219215121808 1.0009472498260084 0.007695114329980142 0.0196119199886604 3.3579102096751657e-07 -6.743503888047392e-05 8.467007674578849e-08 3.3579102096751657e-07 0.019611860500927975 1.0575237754023298e-07 -6.74425624134898e-05 -6.743503888047392e-05 1.0575237754023298e-07 1.0099105465430527 2.9192486397967515e-08 8.467007674578849e-08 -6.74425624134898e-05 2.9192486397967515e-08 1.0099105498610965 2.14767753392e-09
0.00044976328248290366 1.000449763282483 0.0004497632824829037 1.000449763282483 0.019947864854870545 0.0 4.6874755860646546e-05 0.0 0.0 0.019947864854870545 0.0 4.6874755860646546e-05 4.6874755860646546e-05 0.0 1.0099478648548705 0.0 0.0 4.6874755860646546e-05 0.0 1.0099478648548705 1.42458848043e-06
0.00044976328248290366 1.0051841136244082 0.0004497632824829037 1.0051841136244082 0.019947864854870545 0.0 4.6874755860646546e-05 0.0 0.0 0.019947864854870545 0.0 4.6874755860646546e-05 4.6874755860646546e-05 0.0 1.0099478648548705 0.0 0.0 4.6874755860646546e-05 0.0 1.0099478648548705 1.42458848043e-06
0.005184113624408208 1.000449763282483 0.005184113624408209 1.000449763282483 0.019947864854870545 0.0 4.6874755860646546e-05 0.0 0.0 0.019947864854870545 0.0 4.6874755860646546e-05 4.6874755860646546e-05 0.0 1.0099478648548705 0.0 0.0 4.6874755860646546e-05 0.0 1.0099478648548705 1.42458848043e-06
0.005184113624408208 1.0051841136244082 0.005184113624408209 1.0051841136244082 0.019947864854870545 0.0 4.6874755860646546e-05 0.0 0.0 0.019947864854870545 0.0 4.6874755860646546e-05 4.6874755860646546e-05 0.0 1.0099478648548705 0.0 0.0 4.6874755860646546e-05 0.0 1.0099478648548705 1.42458848043e-06
0.0028169384534455556 1.0028169384534455 0.002816938453445556 1.0028169384534455 0.019947864854870545 0.0 4.6874755860646546e-05 0.0 0.0 0.019947864854870545 0.0 4.6874755860646546e-05 4.6874755860646546e-05 0.0 1.0099478648548705 0.0 0.0 4.6874755860646546e-05 0.0 1.0099478648548705 2.00214502996e-06
0.9554875075291436 0.9882526044555289 -0.7847168821280353 1.0977124388232486 0.028958839303871973 9.199952791013814e-06 -0.01555809611558383 -4.426266792450277e-05 9.199952791013814e-06 0.028973868163028143 -6.644290789961197e-05 -0.015594824210361954 -0.01555809611558383 -6.644290789961197e-05 1.1040021893003813 0.0003033263110326828 -4.426266792450277e-05 -0.015594824210361954 0.0003033263110326828 1.1041042442674662 1.8168588208e-09
0.9521425055330235 0.9937546073976984 0.22368772218775546 0.056020180812468914 0.028955917343662593 -5.976241865018602e-06 -0.015522505380576113 5.990371820213848e-05 -5.976241865018602e-06 0.02899807978251219 3.915535607512432e-06 -0.01584440411514202 -0.015522505380576113 3.915535607512432e-06 1.1038383563594745 1.1237801575193073e-05 5.990371820213848e-05 -0.01584440411514202 1.1237801575193073e-05 1.1062663816453029 2.52529046457e-09
0.9613441982133418 0.9977231609996438 -0.8313474177538523 0.04699075014071874 0.0289837539358411 4.759439035674606e-05 -0.015851296777340478 -0.0003407535687504094 4.759439035674606e-05 0.02902803161110292 -0.0005169424652379897 -0.01604937194377148 -0.015851296777340478 -0.0005169424652379897 1.1073260220531436 0.0036635155562587825 -0.0003407535687504094 -0.01604937194377148 0.0036635155562587825 1.1075042261405095 1.01199759533e-09
1.1927377863085689 1.008936756672966 -0.9248444566613709 -0.6015610356937369 0.1535670249473119 -1.833626138324048e-05 -0.12763827975544897 0.005831051480235799 -1.833626138324048e-05 0.15185252123012624 -0.00021277507722169522 -0.1256552630563093 -0.12763827975544897 -0.00021277507722169525 1.208051609167867 -0.012518695040487355 0.005831051480235799 -0.1256552630563093 -0.012518695040487355 1.5595250376501433 5.08462081056e-10
1.193143007879442 1.0149938263687837 0.07338831378545672 -0.008698851527300796 0.15234754006182122 -2.5577192127667904e-05 -0.12761520597381368 2.7210427203759793e-05 -2.5577192127667904e-05 0.15231847212156055 -3.838355022189379e-05 -0.12740853898211296 -0.12761520597381368 -3.838355022189379e-05 1.2076431931989793 0.0001309014602226534 2.7210427203759793e-05 -0.12740853898211296 0.0001309014602226534 1.2058043516056542 5.02612106816e-10
0.6358095806138191 1.0026599634923086 0.5032495940793091 0.0014010987885017848 0.195033520141888 1.2084807026330008e-05 -0.1646861398244118 3.6853136916206845e-07 1.2084807026330008e-05 0.19502263373173503 7.359361954732745e-06 -0.1646799690304942 -0.1646861398244118 7.359361954732745e-06 1.2383284589061274 3.5540488823432424e-05 3.6853136916206845e-07 -0.1646799690304942 3.5540488823432424e-05 1.2383207776636758 2.92892342653e-07
0.6358628216411096 1.0280768353671381 0.5033853232204285 -0.015483822817024082 0.19502462369385828 -1.1042021254876975e-05 -0.16468111873498406 1.5353992333965264e-05 -1.1042021254876975e-05 0.19502555514497222 1.8491028021828655e-05 -0.16468479231762817 -0.16468111873498406 1.8491028021828655e-05 1.2383344984739373 2.6219399243751836e-05 1.5353992333965264e-05 -0.16468479231762817 2.6219399243751836e-05 1.238314629225618 3.35829616473e-07
0.6607627553648772 1.005094997752832 0.48697378776665046 -0.0009824761371707725 0.19502388248713834 -1.253421522601609e-05 -0.16468733500551838 7.057615086564933e-06 -1.253421522601609e-05 0.1950675854604645 3.854229710458991e-05 -0.16468888732622408 -0.16468733500551838 3.854229710458991e-05 1.2383476969193827 7.790822285770424e-06 7.057615086564933e-06 -0.16468888732622408 7.790822285770424e-06 1.2383015997389315 2.90116718063e-07
0.6454797972255333 1.0125530697009768 -0.5062708588491627 -1.0081413423126406 0.19505330678760702 -5.052499192463043e-06 -0.16471467749590638 3.276818056461344e-06 -5.052499192463043e-06 0.19502094295622405 3.276818056461449e-06 -0.16469368780684115 -0.16471467749590638 3.276818056461449e-06 1.238289974887792 -2.125193130395533e-06 3.276818056461344e-06 -0.16469368780684115 -2.125193130395533e-06 1.2382763619430872 3.27798764799e-07
0.6583249318658674 1.0254937449338704 -0.5118127639639365 -0.014893210215540274 0.19505020135150997 4.013717754281653e-05 -0.16471526902636088 -3.215995994901181e-05 4.013717754281653e-05 0.1950937802033164 -5.5920628187139723e-05 -0.16474698965314125 -0.16471526902636088 -5.5920628187139723e-05 1.2383846363670807 5.137820476291577e-05 -3.215995994901181e-05 -0.16474698965314125 5.137820476291577e-05 1.2383653541023842 3.01423892347e-07
0.6601651079220712 1.008806845509327 -0.4967686154504042 1.0165239231960395 0.19510107279718472 -3.706835797443289e-05 -0.1647262624492102 3.9266597481988005e-06 -3.706835797443289e-05 0.1950307987222388 9.176169548864177e-06 -0.16468332099142408 -0.1647262624492102 9.176169548864177e-06 1.2383172325328653 -2.1643262836084405e-05 3.9266597481988005e-06 -0.16468332099142408 -2.1643262836084405e-05 1.238290570449532 5.26469360847e-08
0.6555247273135797 1.0252036419862653 -0.5023240911622596 -1.0062166039728473 0.19506535147222362 3.651847460260871e-06 -0.16470599156375826 -7.4312013774418136e-06 3.651847460260871e-06 0.19505087924203812 9.873945074716038e-06 -0.1646776366688288 -0.16470599156375826 9.873945074716038e-06 1.238410311838242 7.574475348148776e-05 -7.4312013774418136e-06 -0.1646776366688288 7.574475348148776e-05 1.2383728081971834 1.96516390842e-07
0.0 1.0 0.0 0.0 0.28624309392265185 0.0 -0.22375690607734797 0.0 0.0 0.28624309392265185 0.0 -0.22375690607734797 -0.22375690607734797 0.0 1.276243093922652 0.0 0.0 -0.22375690607734797 0.0 1.276243093922652 0.000316628698882
0.0 1.0248618784530388 0.0 0.024861878453038694 0.28624309392265185 0.0 -0.22375690607734797 0.0 0.0 0.28624309392265185 0.0 -0.22375690607734797 -0.22375690607734797 0.0 1.276243093922652 0.0 0.0 -0.22375690607734797 0.0 1.276243093922652 3.75679330876e-05
0.024861878453038694 1.0 0.024861878453038694 0.0 0.28624309392265185 0.0 -0.22375690607734797 0.0 0.0 0.28624309392265185 0.0 -0.22375690607734797 -0.22375690607734797 0.0 1.276243093922652 0.0 0.0 -0.22375690607734797 0.0 1.276243093922652 3.75679330876e-05
0.012430939226519347 1.0124309392265194 0.012430939226519347 0.012430939226519347 0.28624309392265185 0.0 -0.22375690607734797 0.0 0.0 0.28624309392265185 0.0 -0.22375690607734797 -0.22375690607734797 0.0 1.276243093922652 0.0 0.0 -0.22375690607734797 0.0 1.276243093922652 0.000109064594499
0.0 1.0248618784530388 0.0 0.024861878453038694 0.28624309392265185 0.0 -0.22375690607734797 0.0 0.0 0.28624309392265185 0.0 -0.22375690607734797 -0.22375690607734797 0.0 1.276243093922652 0.0 0.0 -0.22375690607734797 0.0 1.276243093922652 3.75679330876e-05
5.826064486347731e-11 1.049723768701072 -7.783888394943023e-09 0.049723729431574056 0.28624308278138516 1.608032435283589e-11 -0.223756896831691 -4.760435355998912e-11 1.608032435283589e-11 0.28624308614547905 -2.2154877295462623e-09 -0.22375690466917442 -0.223756896831691 -2.2154877295462623e-09 1.2762430906862063 3.6487202021919677e-10 -4.760435355998912e-11 -0.22375690466917442 3.6487202021919677e-10 1.2762431109310386 0.00031662871197
0.024861878453038694 1.0248618784530388 0.024861878453038694 0.024861878453038694 0.28624309392265185 0.0 -0.22375690607734797 0.0 0.0 0.28624309392265185 0.0 -0.22375690607734797 -0.22375690607734797 0.0 1.276243093922652 0.0 0.0 -0.22375690607734797 0.0 1.276243093922652 4.45742790043e-06
0.024861878453038694 1.0497237569060773 0.024861878453038694 0.04972375690607739 0.28624309392265185 0.0 -0.22375690607734797 0.0 0.0 0.28624309392265185 0.0 -0.22375690607734797 -0.22375690607734797 0.0 1.276243093922652 0.0 0.0 -0.22375690607734797 0.0 1.276243093922652 3.75679330876e-05
0.012430939226519347 1.037292817679558 0.012430939226519347 0.03729281767955803 0.28624309392265185 0.0 -0.22375690607734797 0.0 0.0 0.28624309392265185 0.0 -0.22375690607734797 -0.22375690607734797 0.0 1.276243093922652 0.0 0.0 -0.22375690607734797 0.0 1.276243093922652 0.000109064594499
0.024861878453038694 1.0 0.024861878453038694 0.0 0.28624309392265185 0.0 -0.22375690607734797 0.0 0.0 0.28624309392265185 0.0 -0.22375690607734797 -0.22375690607734797 0.0 1.276243093922652 0.0 0.0 -0.22375690607734797 0.0 1.276243093922652 3.75679330876e-05
0.024861878453038694 1.0248618784530388 0.024861878453038694 0.024861878453038694 0.28624309392265185 0.0 -0.22375690607734797 0.0 0.0 0.28624309392265185 0.0 -0.22375690607734797 -0.22375690607734797 0.0 1.276243093922652 0.0 0.0 -0.22375690607734797 0.0 1.276243093922652 4.45742790043e-06
0.04972375690607739 1.0 0.04972375690607739 0.0 0.28624309392265185 0.0 -0.22375690607734797 0.0 0.0 0.28624309392265185 0.0 -0.22375690607734797 -0.22375690607734797 0.0 1.276243093922652 0.0 0.0 -0.22375690607734797 0.0 1.276243093922652 0.000316628698882
0.04972375690607739 1.0248618784530388 0.04972375690607739 0.024861878453038694 0.28624309392265185 0.0 -0.22375690607734797 0.0 0.0 0.28624309392265185 0.0 -0.22375690607734797 -0.22375690607734797 0.0 1.276243093922652 0.0 0.0 -0.22375690607734797 0.0 1.276243093922652 3.75679330876e-05
0.03729281767955803 1.0124309392265194 0.03729281767955803 0.012430939226519347 0.28624309392265185 0.0 -0.22375690607734797 0.0 0.0 0.28624309392265185 0.0 -0.22375690607734797 -0.22375690607734797 0.0 1.276243093922652 0.0 0.0 -0.22375690607734797 0.0 1.276243093922652 0.000109064594499
0.024861878453038694 1.0248618784530388 0.024861878453038694 0.024861878453038694 0.28624309392265185 0.0 -0.22375690607734797 0.0 0.0 0.28624309392265185 0.0 -0.22375690607734797 -0.22375690607734797 0.0 1.276243093922652 0.0 0.0 -0.22375690607734797 0.0 1.276243093922652 4.45742790043e-06
0.024861878453038694 1.0497237569060773 0.024861878453038694 0.04972375690607739 0.28624309392265185 0.0 -0.22375690607734797 0.0 0.0 0.28624309392265185 0.0 -0.22375690607734797 -0.22375690607734797 0.0 1.276243093922652 0.0 0.0 -0.22375690607734797 0.0 1.276243093922652 3.75679330876e-05
0.04972375690607739 1.0248618784530388 0.04972375690607739 0.024861878453038694 0.28624309392265185 0.0 -0.22375690607734797 0.0 0.0 0.28624309392265185 0.0 -0.22375690607734797 -0.22375690607734797 0.0 1.276243093922652 0.0 0.0 -0.22375690607734797 0.0 1.276243093922652 3.75679330876e-05
0.04972375690607739 1.0497237569060773 0.04972375690607739 0.04972375690607739 0.28624309392265185 0.0 -0.22375690607734797 0.0 0.0 0.28624309392265185 0.0 -0.22375690607734797 -0.22375690607734797 0.0 1.276243093922652 0.0 0.0 -0.22375690607734797 0.0 1.276243093922652 0.000316628698882
0.03729281767955803 1.037292817679558 0.03729281767955803 0.03729281767955803 0.28624309392265185 0.0 -0.22375690607734797 0.0 0.0 0.28624309392265185 0.0 -0.22375690607734797 -0.22375690607734797 0.0 1.276243093922652 0.0 0.0 -0.22375690607734797 0.0 1.276243093922652 0.000109064594499
0.012430939226519347 1.0124309392265194 0.012430939226519347 0.012430939226519347 0.28624309392265185 0.0 -0.22375690607734797 0.0 0.0 0.28624309392265185 0.0 -0.22375690607734797 -0.22375690607734797 0.0 1.276243093922652 0.0 0.0 -0.22375690607734797 0.0 1.276243093922652 0.000109064594499
0.012430939226519347 1.037292817679558 0.012430939226519347 0.03729281767955803 0.28624309392265185 0.0 -0.22375690607734797 0.0 0.0 0.28624309392265185 0.0 -0.22375690607734797 -0.22375690607734797 0.0 1.276243093922652 0.0 0.0 -0.22375690607734797 0.0 1.276243093922652 0.000109064594499
0.03729281767955803 1.0124309392265194 0.03729281767955803 0.012430939226519347 0.28624309392265185 0.0 -0.22375690607734797 0.0 0.0 0.28624309392265185 0.0 -0.22375690607734797 -0.22375690607734797 0.0 1.276243093922652 0.0 0.0 -0.22375690607734797 0.0 1.276243093922652 0.000109064594499
0.03729281767955803 1.037292817679558 0.03729281767955803 0.03729281767955803 0.28624309392265185 0.0 -0.22375690607734797 0.0 0.0 0.28624309392265185 0.0 -0.22375690607734797 -0.22375690607734797 0.0 1.276243093922652 0.0 0.0 -0.22375690607734797 0.0 1.276243093922652 0.000109064594499
0.024861878453038697 1.0248618784530388 0.024861878453038697 0.024861878453038697 0.28624309392265185 0.0 -0.22375690607734797 0.0 0.0 0.28624309392265185 0.0 -0.22375690607734797 -0.22375690607734797 0.0 1.276243093922652 0.0 0.0 -0.22375690607734797 0.0 1.276243093922652 0.000321086126783
0 0 0 0 10.0 0 9.0 0 0 10.0 0 9.0 9.0 0 10.0 0 0 9.0 0 10.0 1
0 9 0 9 10.0 0 9.0 0 0 10.0 0 9.0 9.0 0 10.0 0 0 9.0 0 10.0 1
9 0 9 0 10.0 0 9.0 0 0 10.0 0 9.0 9.0 0 10.0 0 0 9.0 0 10.0 1
9 9 9 9 10.0 0 9.0 0 0 10.0 0 9.0 9.0 0 10.0 0 0 9.0 0 10.0 1
4.5 4.5 4.5 4.5 10.0 0 9.0 0 0 10.0 0 9.0 9.0 0 10.0 0 0 9.0 0 10.0 1
50 0
1.000429469661886 0.04156043908241574 -0.9995570700432302 0.007984720155643228 0.01961137577202636 -5.53624407528521e-13 -6.760568971344405e-05 -9.151463152176743e-14 -5.53624407528521e-13 0.01961137577391409 -7.46516786561972e-13 -6.760569068898092e-05 -6.760568971344405e-05 -7.46516786561972e-13 1.0099104934050398 -1.069767894615123e-13 -9.151463152176742e-14 -6.760569068898092e-05 -1.0697678946151227e-13 1.009910493405867 5.23987160364e-10
1.0012774429205937 0.03996628415962399 0.0007281731821254553 -0.9925710884025324 0.019612895053539973 8.264631858419647e-07 -6.72592446015932e-05 5.865470046546266e-08 8.264631858419647e-07 0.019612016913888135 2.0199723730186636e-07 -6.741537830172837e-05 -6.72592446015932e-05 2.0199723730186636e-07 1.0099105986898413 4.942070031200984e-08 5.865470046546266e-08 -6.741537830172837e-05 4.942070031200984e-08 1.009910600296425 1.32114231757e-09
1.0020653127288248 0.039969162066824396 1.0010026258377018 0.007432503801446896 0.019612973207774057 -7.993552838026421e-09 -6.715010563273419e-05 -1.6070544645676721e-07 -7.993552838026421e-09 0.019611993086071308 -5.828868740484403e-08 -6.741560344187139e-05 -6.715010563273419e-05 -5.828868740484403e-08 1.0099106205376873 -5.6093522456887844e-08 -1.6070544645676721e-07 -6.741560344187139e-05 -5.6093522456887844e-08 1.0099105591226578 1.19861419262e-09
1.0004513127456778 0.0004936708898145389 0.00045029085278759575 0.0004576763806733541 0.01994750209069574 6.313563887023039e-08 4.675117887714887e-05 1.1349620194819762e-08 6.313563887023039e-08 0.019949269818729028 2.142071905734391e-08 4.7069447036281276e-05 4.675117887714887e-05 2.142071905734391e-08 1.0099478245306006 3.8859047700357085e-09 1.1349620194819762e-08 4.7069447036281276e-05 3.8859047700357085e-09 1.0099478817781382 1.42613965522e-06
1.000449763282483 0.005184113624408208 0.0004497632824829037 1.0051841136244082 0.019947864854870545 0.0 4.6874755860646546e-05 0.0 0.0 0.019947864854870545 0.0 4.6874755860646546e-05 4.6874755860646546e-05 0.0 1.0099478648548705 0.0 0.0 4.6874755860646546e-05 0.0 1.0099478648548705 1.42458848043e-06
1.0051841136244082 0.00044976328248290366 0.005184113624408209 1.000449763282483 0.019947864854870545 0.0 4.6874755860646546e-05 0.0 0.0 0.019947864854870545 0.0 4.6874755860646546e-05 4.6874755860646546e-05 0.0 1.0099478648548705 0.0 0.0 4.6874755860646546e-05 0.0 1.0099478648548705 1.42458848043e-06
1.0051841136244082 0.005184113624408208 0.005184113624408209 1.0051841136244082 0.019947864854870545 0.0 4.6874755860646546e-05 0.0 0.0 0.019947864854870545 0.0 4.6874755860646546e-05 4.6874755860646546e-05 0.0 1.0099478648548705 0.0 0.0 4.6874755860646546e-05 0.0 1.0099478648548705 1.42458848043e-06
1.0028169384534455 0.0028169384534455556 0.002816938453445556 1.0028169384534455 0.019947864854870545 0.0 4.6874755860646546e-05 0.0 0.0 0.019947864854870545 0.0 4.6874755860646546e-05 4.6874755860646546e-05 0.0 1.0099478648548705 0.0 0.0 4.6874755860646546e-05 0.0 1.0099478648548705 2.00214502996e-06
1.953009998883441 -0.004393952641605173 0.2203952420464582 0.04650244854927157 0.028956838387548495 2.059033729915761e-05 -0.015517664595842135 -0.00010915176395907821 2.059033729915761e-05 0.029052847144527907 -2.0899352335814507e-05 -0.01604958898998108 -0.015517664595842135 -2.0899352335814507e-05 1.1037176073206494 0.00011168531039639629 -0.00010915176395907821 -0.01604958898998108 0.00011168531039639629 1.1065697768765632 1.8286867358e-09
1.9538120493247828 -0.012251546025357338 -0.7755404225383378 0.09735104761161069 0.02895413771153425 1.679525580604372e-06 -0.015514698351450277 -5.4729027026126306e-06 1.679525580604372e-06 0.028980899709315184 2.8811080550435465e-05 -0.015670871269943563 -0.015514698351450277 2.8811080550435465e-05 1.1038012811836169 -0.00013678383414836135 -5.4729027026126306e-06 -0.015670871269943563 -0.00013678383414836135 1.1049998226635014 2.52880299768e-09
1.9513185820172887 -0.01057192907949172 -0.7710549767383938 1.106356164518866 0.02895370434509739 9.553988547664887e-08 -0.015507479807495478 7.005150292206016e-06 9.553988547664887e-08 0.028956451799762594 -6.1567655409609445e-06 -0.015531522120247256 -0.015507479807495478 -6.1567655409609445e-06 1.1038203349909903 7.889317684401294e-05 7.005150292206016e-06 -0.015531522120247256 7.889317684401294e-05 1.1038847596332422 1.30587747204e-09
2.198809335956771 0.016884910759225377 -0.9511436324333996 -0.32097569286765 0.153461747167637 -6.792461915363051e-05 -0.12698508592268648 0.0002975153353966945 -6.79246191536305e-05 0.15183251884809498 0.0001041826872708714 -0.12673767279832912 -0.1269850859226865 0.0001041826872708714 1.2081563423428565 0.00837069437189366 0.0002975153353966945 -0.12673767279832912 0.00837069437189366 1.4737246560537476 5.42876910308e-10
2.190709293212236 0.010428111279000375 0.061998403970357205 -0.002842586269250386 0.1523700366818849 -6.0522179643976236e-05 -0.12765610937425842 7.676206017242216e-05 -6.0522179643976236e-05 0.15234342379987215 0.00040121560360108536 -0.12742892761593405 -0.12765610937425842 0.00040121560360108536 1.208087556797034 -0.0003209659265030725 7.676206017242216e-05 -0.12742892761593405 -0.0003209659265030725 1.205912463248717 3.63896588246e-10
1.6628835587868391 0.030523981642213413 -0.516404068842036 -0.01979644734026111 0.1950101385010321 0.0 -0.16467588288261645 0.0 0.0 0.19500760944522386 0.0 -0.16468504030628014 -0.16467588288261645 0.0 1.238303911563251 0.0 0.0 -0.16468504030628014 0.0 1.2382707535728723 1.73478510602e-07
1.6338847735237998 0.02749048608567714 0.5012491389942054 -0.01782906196617098 0.19501808709832033 -8.254834984615452e-06 -0.16469183562905962 5.353705423852272e-06 -8.254834984615452e-06 0.19503100303918233 5.353705423852404e-06 -0.16470021231287896 -0.16469183562905962 5.353705423852404e-06 1.2382751607059634 -3.4721665325598453e-06 5.353705423852272e-06 -0.16470021231287896 -3.4721665325598453e-06 1.2382805934369243 2.47468199828e-07
1.6339566687407254 0.0015490562220303772 0.5064431415761718 0.0029834441164130767 0.19502463045281887 1.3064110684948932e-05 -0.1646600925302463 1.5056248986928781e-05 1.3064110684948932e-05 0.195020579290487 1.5411021241176426e-05 -0.164667965841299 -0.1646600925302463 1.5411021241176426e-05 1.2383442611660975 2.8742246060815715e-05 1.5056248986928781e-05 -0.164667965841299 2.8742246060815715e-05 1.2383162580569715 2.18180311434e-07
1.6546100817221663 0.009729814570726218 -0.5021238840836463 1.0255781383239053 0.1950857656399129 -1.915106287822001e-05 -0.16474622440375578 3.4947330050741684e-05 -1.915106287822001e-05 0.19505208451900308 -2.907647466721745e-05 -0.1646685970695061 -0.16474622440375578 -2.907647466721745e-05 1.2384403888571607 -9.229869192863097e-05 3.4947330050741684e-05 -0.1646685970695061 -9.229869192863097e-05 1.2383351602819985 7.51284509866e-09
1.6459605875437164 0.016171341060323516 -0.5044382475743063 -1.0089761352122244 0.19504775516826903 2.4222990179828955e-05 -0.16469259729522226 -3.6381461297565663e-06 2.4222990179828955e-05 0.19504974843033313 1.969608945046146e-06 -0.16469572319210876 -0.16469259729522226 1.969608945046146e-06 1.2383180810158705 1.7112627924003377e-05 -3.6381461297565663e-06 -0.16469572319210876 1.7112627924003377e-05 1.238297611336455 4.43469081822e-07
1.6593509480240618 0.004879553106939782 0.48802167359184595 -0.000949682737868911 0.19503810501636398 1.6089159880821359e-06 -0.16468896447180875 1.316674324700394e-05 1.6089159880821359e-06 0.1950406244071506 1.7912534691039146e-05 -0.1646978020414182 -0.16468896447180875 1.7912534691039146e-05 1.2383418489490923 1.739953709859942e-05 1.316674324700394e-05 -0.1646978020414182 1.739953709859942e-05 1.2383140312907512 4.21428598625e-07
1.6539179394644496 0.028277344180348215 0.49517951604767074 -0.01126232951140163 0.19506894958053467 1.4577534803368743e-05 -0.16470083678928998 2.7710034570531388e-05 1.4577534803368743e-05 0.19503893185511342 2.3229396518569353e-05 -0.16466274671007738 -0.16470083678928998 2.3229396518569353e-05 1.2383863869285607 3.0102462180966707e-05 2.7710034570531388e-05 -0.16466274671007738 3.0102462180966707e-05 1.2383537818266885 1.55792617637e-07
1.6448102813768126 0.021244334708534 -0.48983193188080776 0.004269099621150805 0.1951149397556355 -5.122002209584534e-05 -0.1646872372861978 4.492197600067069e-05 -5.122002209584534e-05 0.19510914171157626 3.284841118673926e-05 -0.16470809856155189 -0.1646872372861978 3.284841118673926e-05 1.238334903622011 -2.023849877957674e-05 4.492197600067069e-05 -0.16470809856155189 -2.023849877957674e-05 1.2383787967141424 1.29894487521e-07
1.0 0.0 0.0 0.0 0.28624309392265185 0.0 -0.22375690607734797 0.0 0.0 0.28624309392265185 0.0 -0.22375690607734797 -0.22375690607734797 0.0 1.276243093922652 0.0 0.0 -0.22375690607734797 0.0 1.276243093922652 0.000316628698882
1.0 0.024861878453038694 0.0 0.024861878453038694 0.28624309392265185 0.0 -0.22375690607734797 0.0 0.0 0.28624309392265185 0.0 -0.22375690607734797 -0.22375690607734797 0.0 1.276243093922652 0.0 0.0 -0.22375690607734797 0.0 1.276243093922652 3.75679330876e-05
1.0248618784530388 0.0 0.024861878453038694 0.0 0.28624309392265185 0.0 -0.22375690607734797 0.0 0.0 0.28624309392265185 0.0 -0.22375690607734797 -0.22375690607734797 0.0 1.276243093922652 0.0 0.0 -0.22375690607734797 0.0 1.276243093922652 3.75679330876e-05
1.0124309392265194 0.012430939226519347 0.012430939226519347 0.012430939226519347 0.28624309392265185 0.0 -0.22375690607734797 0.0 0.0 0.28624309392265185 0.0 -0.22375690607734797 -0.22375690607734797 0.0 1.276243093922652 0.0 0.0 -0.22375690607734797 0.0 1.276243093922652 0.000109064594499
1.0 0.024861878453038694 0.0 0.024861878453038694 0.28624309392265185 0.0 -0.22375690607734797 0.0 0.0 0.28624309392265185 0.0 -0.22375690607734797 -0.22375690607734797 0.0 1.276243093922652 0.0 0.0 -0.22375690607734797 0.0 1.276243093922652 3.75679330876e-05
1.0 0.04972375690607739 0.0 0.04972375690607739 0.28624309392265185 0.0 -0.22375690607734797 0.0 0.0 0.28624309392265185 0.0 -0.22375690607734797 -0.22375690607734797 0.0 1.276243093922652 0.0 0.0 -0.22375690607734797 0.0 1.276243093922652 0.000316628698882
1.0248618784530388 0.024861878453038694 0.024861878453038694 0.024861878453038694 0.28624309392265185 0.0 -0.22375690607734797 0.0 0.0 0.28624309392265185 0.0 -0.22375690607734797 -0.22375690607734797 0.0 1.276243093922652 0.0 0.0 -0.22375690607734797 0.0 1.276243093922652 4.45742790043e-06
1.0248618784530388 0.04972375690607739 0.024861878453038694 0.04972375690607739 0.28624309392265185 0.0 -0.22375690607734797 0.0 0.0 0.28624309392265185 0.0 -0.22375690607734797 -0.22375690607734797 0.0 1.276243093922652 0.0 0.0 -0.22375690607734797 0.0 1.276243093922652 3.75679330876e-05
1.0124309392265194 0.03729281767955803 0.012430939226519347 0.03729281767955803 0.28624309392265185 0.0 -0.22375690607734797 0.0 0.0 0.28624309392265185 0.0 -0.22375690607734797 -0.22375690607734797 0.0 1.276243093922652 0.0 0.0 -0.22375690607734797 0.0 1.276243093922652 0.000109064594499
1.0248618784530388 0.0 0.024861878453038694 0.0 0.28624309392265185 0.0 -0.22375690607734797 0.0 0.0 0.28624309392265185 0.0 -0.22375690607734797 -0.22375690607734797 0.0 1.276243093922652 0.0 0.0 -0.22375690607734797 0.0 1.276243093922652 3.75679330876e-05
1.0248618784530388 0.024861878453038694 0.024861878453038694 0.024861878453038694 0.28624309392265185 0.0 -0.22375690607734797 0.0 0.0 0.28624309392265185 0.0 -0.22375690607734797 -0.22375690607734797 0.0 1.276243093922652 0.0 0.0 -0.22375690607734797 0.0 1.276243093922652 4.45742790043e-06
1.0497237569060773 0.0 0.04972375690607739 0.0 0.28624309392265185 0.0 -0.22375690607734797 0.0 0.0 0.28624309392265185 0.0 -0.22375690607734797 -0.22375690607734797 0.0 1.276243093922652 0.0 0.0 -0.22375690607734797 0.0 1.276243093922652 0.000316628698882
1.0497237569060773 0.024861878453038694 0.04972375690607739 0.024861878453038694 0.28624309392265185 0.0 -0.22375690607734797 0.0 0.0 0.28624309392265185 0.0 -0.22375690607734797 -0.22375690607734797 0.0 1.276243093922652 0.0 0.0 -0.22375690607734797 0.0 1.276243093922652 3.75679330876e-05
1.037292817679558 0.012430939226519347 0.03729281767955803 0.012430939226519347 0.28624309392265185 0.0 -0.22375690607734797 0.0 0.0 0.28624309392265185 0.0 -0.22375690607734797 -0.22375690607734797 0.0 1.276243093922652 0.0 0.0 -0.22375690607734797 0.0 1.276243093922652 0.000109064594499
1.0248618784530388 0.024861878453038694 0.024861878453038694 0.024861878453038694 0.28624309392265185 0.0 -0.22375690607734797 0.0 0.0 0.28624309392265185 0.0 -0.22375690607734797 -0.22375690607734797 0.0 1.276243093922652 0.0 0.0 -0.22375690607734797 0.0 1.276243093922652 4.45742790043e-06
1.0248618784530388 0.04972375690607739 0.024861878453038694 0.04972375690607739 0.28624309392265185 0.0 -0.22375690607734797 0.0 0.0 0.28624309392265185 0.0 -0.22375690607734797 -0.22375690607734797 0.0 1.276243093922652 0.0 0.0 -0.22375690607734797 0.0 1.276243093922652 3.75679330876e-05
1.0497237569060773 0.024861878453038694 0.04972375690607739 0.024861878453038694 0.28624309392265185 0.0 -0.22375690607734797 0.0 0.0 0.28624309392265185 0.0 -0.22375690607734797 -0.22375690607734797 0.0 1.276243093922652 0.0 0.0 -0.22375690607734797 0.0 1.276243093922652 3.75679330876e-05
1.0497237548771075 0.04972376889030393 0.049723762621296824 0.04972373194532629 0.28624308270127663 -5.795588247606005e-10 -0.22375689694609496 1.2147314729745416e-09 -5.795588247606005e-10 0.2862430860216412 1.6233264710656632e-09 -0.2237569038107685 -0.22375689694609496 1.6233264710656632e-09 1.2762430898566375 9.221023122582292e-10 1.2147314729745416e-09 -0.2237569038107685 9.221023122582292e-10 1.2762431079454784 0.000316628712179
1.037292817679558 0.03729281767955803 0.03729281767955803 0.03729281767955803 0.28624309392265185 0.0 -0.22375690607734797 0.0 0.0 0.28624309392265185 0.0 -0.22375690607734797 -0.22375690607734797 0.0 1.276243093922652 0.0 0.0 -0.22375690607734797 0.0 1.276243093922652 0.000109064594499
1.0124309392265194 0.012430939226519347 0.012430939226519347 0.012430939226519347 0.28624309392265185 0.0 -0.22375690607734797 0.0 0.0 0.28624309392265185 0.0 -0.22375690607734797 -0.22375690607734797 0.0 1.276243093922652 0.0 0.0 -0.22375690607734797 0.0 1.276243093922652 0.000109064594499
1.0124309392265194 0.03729281767955803 0.012430939226519347 0.03729281767955803 0.28624309392265185 0.0 -0.22375690607734797 0.0 0.0 0.28624309392265185 0.0 -0.22375690607734797 -0.22375690607734797 0.0 1.276243093922652 0.0 0.0 -0.22375690607734797 0.0 1.276243093922652 0.000109064594499
1.037292817679558 0.012430939226519347 0.03729281767955803 0.012430939226519347 0.28624309392265185 0.0 -0.22375690607734797 0.0 0.0 0.28624309392265185 0.0 -0.22375690607734797 -0.22375690607734797 0.0 1.276243093922652 0.0 0.0 -0.22375690607734797 0.0 1.276243093922652 0.000109064594499
1.037292817679558 0.03729281767955803 0.03729281767955803 0.03729281767955803 0.28624309392265185 0.0 -0.22375690607734797 0.0 0.0 0.28624309392265185 0.0 -0.22375690607734797 -0.22375690607734797 0.0 1.276243093922652 0.0 0.0 -0.22375690607734797 0.0 1.276243093922652 0.000109064594499
1.0248618784530388 0.024861878453038697 0.024861878453038697 0.024861878453038697 0.28624309392265185 0.0 -0.22375690607734797 0.0 0.0 0.28624309392265185 0.0 -0.22375690607734797 -0.22375690607734797 0.0 1.276243093922652 0.0 0.0 -0.22375690607734797 0.0 1.276243093922652 0.000321086126783
0 0 0 0 10.0 0 9.0 0 0 10.0 0 9.0 9.0 0 10.0 0 0 9.0 0 10.0 1
0 9 0 9 10.0 0 9.0 0 0 10.0 0 9.0 9.0 0 10.0 0 0 9.0 0 10.0 1
9 0 9 0 10.0 0 9.0 0 0 10.0 0 9.0 9.0 0 10.0 0 0 9.0 0 10.0 1
9 9 9 9 10.0 0 9.0 0 0 10.0 0 9.0 9.0 0 10.0 0 0 9.0 0 10.0 1
4.5 4.5 4.5 4.5 10.0 0 9.0 0 0 10.0 0 9.0 9.0 0 10.0 0 0 9.0 0 10.0 1
50 4
0.039824389945138566 0.002185105262411322 0.007368289924787582 -0.9989529741856924 0.019616566314022626 -4.7346281456298775e-07 -6.670567322799728e-05 -1.8874042354328022e-07 -4.7346281456298775e-07 0.019611537309058288 -1.4872051359079654e-07 -6.746132518041124e-05 -6.670567322799728e-05 -1.4872051359079654e-07 1.009910674386601 -5.4557823626620917e-08 -1.8874042354328022e-07 -6.746132518041124e-05 -5.4557823626620917e-08 1.0099105458997308 9.5646944529e-10
0.040997762908364134 0.0015980710841692392 1.0077877878956998 0.0008453396746969131 0.01961247380824728 2.6659218261913894e-08 -6.736930761653222e-05 8.120248962480137e-09 2.6659218261913894e-08 0.019612055441550647 1.0870542247267653e-08 -6.73578962537256e-05 -6.736930761653222e-05 1.0870542247267653e-08 1.0099105608526104 3.748596693824375e-09 8.120248962480137e-09 -6.73578962537256e-05 3.748596693824375e-09 1.009910579138079 2.1375427684e-09
0.00044976328248290366 0.00044976328248290366 0.0004497632824829037 0.0004497632824829037 0.019947864854870545 0.0 4.6874755860646546e-05 0.0 0.0 0.019947864854870545 0.0 4.6874755860646546e-05 4.6874755860646546e-05 0.0 1.0099478648548705 0.0 0.0 4.6874755860646546e-05 0.0 1.0099478648548705 1.42458848043e-06
0.00044976328248290366 0.005184113624408208 0.0004497632824829037 1.0051841136244082 0.019947864854870545 0.0 4.6874755860646546e-05 0.0 0.0 0.019947864854870545 0.0 4.6874755860646546e-05 4.6874755860646546e-05 0.0 1.0099478648548705 0.0 0.0 4.6874755860646546e-05 0.0 1.0099478648548705 1.42458848043e-06
0.005198139086660364 0.00044975496692106797 0.005184958098653949 1.0004497604824405 0.019948206895399386 -2.845108874763582e-10 4.685675641197274e-05 -9.580141486772679e-11 -2.845108874763582e-10 0.019947726974536083 -1.71304241376637e-11 4.682784615757551e-05 4.685675641197274e-05 -1.71304241376637e-11 1.009947851287054 -5.768211136766469e-12 -9.580141486772679e-11 4.682784615757551e-05 -5.768211136766469e-12 1.0099478495414818 1.42517246224e-06
0.005184113624408208 0.005184113624408208 0.005184113624408209 1.0051841136244082 0.019947864854870545 0.0 4.6874755860646546e-05 0.0 0.0 0.019947864854870545 0.0 4.6874755860646546e-05 4.6874755860646546e-05 0.0 1.0099478648548705 0.0 0.0 4.6874755860646546e-05 0.0 1.0099478648548705 1.42458848043e-06
0.0028169384534455556 0.0028169384534455556 0.002816938453445556 1.0028169384534455 0.019947864854870545 0.0 4.6874755860646546e-05 0.0 0.0 0.019947864854870545 0.0 4.6874755860646546e-05 4.6874755860646546e-05 0.0 1.0099478648548705 0.0 0.0 4.6874755860646546e-05 0.0 1.0099478648548705 2.00214502996e-06
0.0005155128750339907 0.0004237750238631917 0.0003502253257453989 -1.000308817146016 0.02895392773730944 1.1315700359233832e-07 -0.015514680409164755 -1.8208297958248905e-07 1.1315700359233832e-07 0.028951563811455715 6.351693246107277e-09 -0.01551577242035886 -0.015514680409164755 6.351693246107277e-09 1.10372508849459 1.9535728207463134e-08 -1.8208297958248905e-07 -0.01551577242035886 1.9535728207463134e-08 1.103693597011163 1.18974936102e-09
0.0005726336945397378 -0.010346240802426026 0.99957790669383 0.1001685792008959 0.02896801161720389 3.9685292315612174e-08 -0.015531718968032668 5.984108439849013e-06 3.968529231561219e-08 0.02897031621279092 1.467755669296554e-08 -0.015543023707739658 -0.015531718968032668 1.467755669296554e-08 1.1037105131180478 -3.7390015134766936e-06 5.984108439849013e-06 -0.015543023707739658 -3.7390015134766936e-06 1.1038570140563322 1.05465474924e-09
0.003980656699298375 -0.012178032645138614 8.322353690980546e-05 1.0995178855649947 0.028959427435021005 -1.3317560325391334e-06 -0.015521961275745849 1.1106053370753866e-05 -1.3317560325391334e-06 0.02896765634876507 1.2617502513877834e-05 -0.015564392274215886 -0.015521961275745849 1.2617502513877834e-05 1.103768242428637 -4.0574030372799004e-05 1.1106053370753866e-05 -0.015564392274215886 -4.0574030372799004e-05 1.1039884698910456 3.855218823e-09
0.029272853845241427 -0.002161005193126746 0.010355003619342815 0.036359104619254484 0.022690406753227466 9.909948520943827e-05 -0.004729774504236237 -0.0009529864351206792 9.909948520943827e-05 0.022421016423106416 -2.88023382758943e-05 -0.004970479061219812 -0.004729774504236237 -2.88023382758943e-05 1.0385763327791682 0.00025776908341380525 -0.0009529864351206792 -0.004970479061219812 0.00025776908341380525 1.0407710296076993 1.30381323612e-09
0.010743669773123212 0.004518321047983495 0.9930321510673873 -0.0029303747375177803 0.19502167350731175 -1.4064062087918e-05 -0.16469416160859837 9.121302318193973e-06 -1.4064062087918e-05 0.19502167350731175 9.121302318194099e-06 -0.16469416160859837 -0.16469416160859837 9.121302318194099e-06 1.2382766692290645 -5.915656192343238e-06 9.121302318193973e-06 -0.16469416160859837 -5.915656192343238e-06 1.2382766692290645 1.13746933278e-07
0.002823005096746174 0.02749306971048613 6.715618180930618e-05 -1.0160012305063673 0.19495627035477106 -1.1486089971313594e-06 -0.1646302861903344 2.0324220967029483e-06 -1.1486089971313594e-06 0.1949709258701077 1.1477329878341362e-05 -0.16463024148474686 -0.1646302861903344 1.1477329878341362e-05 1.2382604318735526 2.0323346111806402e-05 2.0324220967029483e-06 -0.16463024148474686 2.0323346111806402e-05 1.2382619005414413 3.6707135533e-07
0.024847966999869454 0.009585976178762749 -0.01611524590701437 -1.0062170222368838 0.1950187059446897 1.1096499465857376e-05 -0.164692236984286 -7.196678005902276e-06 1.1096499465857376e-05 0.1950187059446897 -7.196678005902251e-06 -0.164692236984286 -0.164692236984286 -7.196678005902251e-06 1.2382754210064606 4.6674335884028835e-06 -7.196678005902276e-06 -0.164692236984286 4.6674335884028835e-06 1.2382754210064606 9.05410760052e-08
0.00195507326328861 0.00195507326328861 -0.0012679703898629024 -0.0012679703898629024 0.1950187062888585 1.1096843634624976e-05 -0.16469223720749804 -7.19690121789876e-06 1.1096843634624976e-05 0.1950187062888585 -7.19690121789876e-06 -0.16469223720749804 -0.16469223720749804 -7.19690121789876e-06 1.2382754211512257 4.667578353413745e-06 -7.19690121789876e-06 -0.16469223720749804 4.667578353413745e-06 1.2382754211512257 2.62877699994e-07
0.01163498851569095 0.008775967295267983 0.00940664306935454 1.0186115361528505 0.1950380674673728 2.3018108912205096e-05 -0.16469525220950257 -6.359176863890057e-06 2.3018108912205096e-05 0.19495590003870472 -2.8559618705309413e-05 -0.16462187136900377 -0.16469525220950257 -2.8559618705309413e-05 1.2383343128883242 -4.8843812786090784e-05 -6.359176863890057e-06 -0.16462187136900377 -4.8843812786090784e-05 1.2382724292362643 5.05894420658e-08
0.02918817783733293 0.0035238173923682983 0.9843032274114661 0.00021742732524383202 0.19501954859787948 -7.357379666468839e-06 -0.16468389020698151 1.2036471742405045e-05 -7.357379666468839e-06 0.19502447034188405 1.3856226107054664e-05 -0.16468577727403563 -0.16468389020698151 1.3856226107054664e-05 1.238346644872913 2.3378445445835967e-05 1.2036471742405045e-05 -0.16468577727403563 2.3378445445835967e-05 1.238328298717725 3.32506393955e-07
0.01355300867062179 0.018313137342537804 0.9912144279146683 -0.011380064404187762 0.19499801106803244 -7.561083464645605e-06 -0.16467412049123553 6.949496213634307e-06 -7.561083464645605e-06 0.1950112030479178 4.952365899421452e-06 -0.16467972033314154 -0.16467412049123553 4.952365899421452e-06 1.238259774438944 -4.542848252595326e-06 6.949496213634307e-06 -0.16467972033314154 -4.542848252595326e-06 1.2382823505966967 2.95337024451e-07
0.023530960057019885 0.02550666690470156 -0.006545180024305323 -0.005160829422473484 0.19496613374104338 3.0441891717120634e-05 -0.16461938307966106 -1.1871983255539036e-05 3.0441891717120634e-05 0.19494747106757035 1.3932717500563176e-06 -0.16458243932579547 -0.16461938307966106 1.3932717500563176e-06 1.2383178240304646 6.16768760650798e-05 -1.1871983255539036e-05 -0.16458243932579547 6.16768760650798e-05 1.238344401415347 1.38044789008e-07
0.012854008429470126 0.0180906537058513 -0.9792042298171009 0.0012460741394072362 0.19446226523177323 -3.9081640689849306e-06 -0.16420032856051098 -3.61708590679752e-07 -3.9081640689849306e-06 0.19460603332994011 -0.00012473370988001428 -0.16417833036526536 -0.16420032856051098 -0.00012473370988001428 1.2379801075048522 -1.7652030723885163e-05 -3.61708590679752e-07 -0.16417833036526536 -1.7652030723885163e-05 1.2378620590234588 1.40929869501e-08
0.027673318155873868 0.027552700340588133 -0.01361637751482983 -1.0149499522267762 0.19502656256123857 1.66625202302944e-05 -0.1647093406892812 -2.4400950176341582e-05 1.66625202302944e-05 0.1950270665814683 -3.0157232045001967e-05 -0.1647079282409301 -0.1647093406892812 -3.0157232045001967e-05 1.238393829619759 7.599350262424817e-05 -2.4400950176341582e-05 -0.1647079282409301 7.599350262424817e-05 1.2383439974924892 3.223349079e-07
0.0 0.0 0.0 0.0 0.28624309392265185 0.0 -0.22375690607734797 0.0 0.0 0.28624309392265185 0.0 -0.22375690607734797 -0.22375690607734797 0.0 1.276243093922652 0.0 0.0 -0.22375690607734797 0.0 1.276243093922652 0.000316628698882
0.0 0.024861878453038694 0.0 0.024861878453038694 0.28624309392265185 0.0 -0.22375690607734797 0.0 0.0 0.28624309392265185 0.0 -0.22375690607734797 -0.22375690607734797 0.0 1.276243093922652 0.0 0.0 -0.22375690607734797 0.0 1.276243093922652 3.75679330876e-05
0.024861878453038694 0.0 0.024861878453038694 0.0 0.28624309392265185 0.0 -0.22375690607734797 0.0 0.0 0.28624309392265185 0.0 -0.22375690607734797 -0.22375690607734797 0.0 1.276243093922652 0.0 0.0 -0.22375690607734797 0.0 1.276243093922652 3.75679330876e-05
0.012430939226519347 0.012430939226519347 0.012430939226519347 0.012430939226519347 0.28624309392265185 0.0 -0.22375690607734797 0.0 0.0 0.28624309392265185 0.0 -0.22375690607734797 -0.22375690607734797 0.0 1.276243093922652 0.0 0.0 -0.22375690607734797 0.0 1.276243093922652 0.000109064594499
0.0 0.024861878453038694 0.0 0.024861878453038694 0.28624309392265185 0.0 -0.22375690607734797 0.0 0.0 0.28624309392265185 0.0 -0.22375690607734797 -0.22375690607734797 0.0 1.276243093922652 0.0 0.0 -0.22375690607734797 0.0 1.276243093922652 3.75679330876e-05
0.0 0.04972375690607739 0.0 0.04972375690607739 0.28624309392265185 0.0 -0.22375690607734797 0.0 0.0 0.28624309392265185 0.0 -0.22375690607734797 -0.22375690607734797 0.0 1.276243093922652 0.0 0.0 -0.22375690607734797 0.0 1.276243093922652 0.000316628698882
0.024861878453038694 0.024861878453038694 0.024861878453038694 0.024861878453038694 0.28624309392265185 0.0 -0.22375690607734797 0.0 0.0 0.28624309392265185 0.0 -0.22375690607734797 -0.22375690607734797 0.0 1.276243093922652 0.0 0.0 -0.22375690607734797 0.0 1.276243093922652 4.45742790043e-06
0.024861878453038694 0.04972375690607739 0.024861878453038694 0.04972375690607739 0.28624309392265185 0.0 -0.22375690607734797 0.0 0.0 0.28624309392265185 0.0 -0.22375690607734797 -0.22375690607734797 0.0 1.276243093922652 0.0 0.0 -0.22375690607734797 0.0 1.276243093922652 3.75679330876e-05
0.012430939226519347 0.03729281767955803 0.012430939226519347 0.03729281767955803 0.28624309392265185 0.0 -0.22375690607734797 0.0 0.0 0.28624309392265185 0.0 -0.22375690607734797 -0.22375690607734797 0.0 1.276243093922652 0.0 0.0 -0.22375690607734797 0.0 1.276243093922652 0.000109064594499
0.024861878453038694 0.0 0.024861878453038694 0.0 0.28624309392265185 0.0 -0.22375690607734797 0.0 0.0 0.28624309392265185 0.0 -0.22375690607734797 -0.22375690607734797 0.0 1.276243093922652 0.0 0.0 -0.22375690607734797 0.0 1.276243093922652 3.75679330876e-05
0.024861878453038694 0.024861878453038694 0.024861878453038694 0.024861878453038694 0.28624309392265185 0.0 -0.22375690607734797 0.0 0.0 0.28624309392265185 0.0 -0.22375690607734797 -0.22375690607734797 0.0 1.276243093922652 0.0 0.0 -0.22375690607734797 0.0 1.276243093922652 4.45742790043e-06
0.04972375690607739 0.0 0.04972375690607739 0.0 0.28624309392265185 0.0 -0.22375690607734797 0.0 0.0 0.28624309392265185 0.0 -0.22375690607734797 -0.22375690607734797 0.0 1.276243093922652 0.0 0.0 -0.22375690607734797 0.0 1.276243093922652 0.000316628698882
0.04972375690607739 0.024861878453038694 0.04972375690607739 0.024861878453038694 0.28624309392265185 0.0 -0.22375690607734797 0.0 0.0 0.28624309392265185 0.0 -0.22375690607734797 -0.22375690607734797 0.0 1.276243093922652 0.0 0.0 -0.22375690607734797 0.0 1.276243093922652 3.75679330876e-05
0.03729281767955803 0.012430939226519347 0.03729281767955803 0.012430939226519347 0.28624309392265185 0.0 -0.22375690607734797 0.0 0.0 0.28624309392265185 0.0 -0.22375690607734797 -0.22375690607734797 0.0 1.276243093922652 0.0 0.0 -0.22375690607734797 0.0 1.276243093922652 0.000109064594499
0.024861878453038694 0.024861878453038694 0.024861878453038694 0.024861878453038694 0.28624309392265185 0.0 -0.22375690607734797 0.0 0.0 0.28624309392265185 0.0 -0.22375690607734797 -0.22375690607734797 0.0 1.276243093922652 0.0 0.0 -0.22375690607734797 0.0 1.276243093922652 4.45742790043e-06
0.024861878453038694 0.04972375690607739 0.024861878453038694 0.04972375690607739 0.28624309392265185 0.0 -0.22375690607734797 0.0 0.0 0.28624309392265185 0.0 -0.22375690607734797 -0.22375690607734797 0.0 1.276243093922652 0.0 0.0 -0.22375690607734797 0.0 1.276243093922652 3.75679330876e-05
0.04972375690607739 0.024861878453038694 0.04972375690607739 0.024861878453038694 0.28624309392265185 0.0 -0.22375690607734797 0.0 0.0 0.28624309392265185 0.0 -0.22375690607734797 -0.22375690607734797 0.0 1.276243093922652 0.0 0.0 -0.22375690607734797 0.0 1.276243093922652 3.75679330876e-05
0.04972375690607739 0.04972375690607739 0.04972375690607739 0.04972375690607739 0.28624309392265185 0.0 -0.22375690607734797 0.0 0.0 0.28624309392265185 0.0 -0.22375690607734797 -0.22375690607734797 0.0 1.276243093922652 0.0 0.0 -0.22375690607734797 0.0 1.276243093922652 0.000316628698882
0.03729281767955803 0.03729281767955803 0.03729281767955803 0.03729281767955803 0.28624309392265185 0.0 -0.22375690607734797 0.0 0.0 0.28624309392265185 0.0 -0.22375690607734797 -0.22375690607734797 0.0 1.276243093922652 0.0 0.0 -0.22375690607734797 0.0 1.276243093922652 0.000109064594499
0.012430939226519347 0.012430939226519347 0.012430939226519347 0.012430939226519347 0.28624309392265185 0.0 -0.22375690607734797 0.0 0.0 0.28624309392265185 0.0 -0.22375690607734797 -0.22375690607734797 0.0 1.276243093922652 0.0 0.0 -0.22375690607734797 0.0 1.276243093922652 0.000109064594499
0.012430939226519347 0.03729281767955803 0.012430939226519347 0.03729281767955803 0.28624309392265185 0.0 -0.22375690607734797 0.0 0.0 0.28624309392265185 0.0 -0.22375690607734797 -0.22375690607734797 0.0 1.276243093922652 0.0 0.0 -0.22375690607734797 0.0 1.276243093922652 0.000109064594499
0.03729281767955803 0.012430939226519347 0.03729281767955803 0.012430939226519347 0.28624309392265185 0.0 -0.22375690607734797 0.0 0.0 0.28624309392265185 0.0 -0.22375690607734797 -0.22375690607734797 0.0 1.276243093922652 0.0 0.0 -0.22375690607734797 0.0 1.276243093922652 0.000109064594499
0.03729281767955803 0.03729281767955803 0.03729281767955803 0.03729281767955803 0.28624309392265185 0.0 -0.22375690607734797 0.0 0.0 0.28624309392265185 0.0 -0.22375690607734797 -0.22375690607734797 0.0 1.276243093922652 0.0 0.0 -0.22375690607734797 0.0 1.276243093922652 0.000109064594499
0.024861878453038697 0.024861878453038697 0.024861878453038697 0.024861878453038697 0.28624309392265185 0.0 -0.22375690607734797 0.0 0.0 0.28624309392265185 0.0 -0.22375690607734797 -0.22375690607734797 0.0 1.276243093922652 0.0 0.0 -0.22375690607734797 0.0 1.276243093922652 0.000321086126783
0 0 0 0 10.0 0 9.0 0 0 10.0 0 9.0 9.0 0 10.0 0 0 9.0 0 10.0 1
0 9 0 9 10.0 0 9.0 0 0 10.0 0 9.0 9.0 0 10.0 0 0 9.0 0 10.0 1
9 0 9 0 10.0 0 9.0 0 0 10.0 0 9.0 9.0 0 10.0 0 0 9.0 0 10.0 1
9 9 9 9 10.0 0 9.0 0 0 10.0 0 9.0 9.0 0 10.0 0 0 9.0 0 10.0 1
4.5 4.5 4.5 4.5 10.0 0 9.0 0 0 10.0 0 9.0 9.0 0 10.0 0 0 9.0 0 10.0 1
50 3
0.00042946965422610675 1.040428156385718 -0.9995570700528493 0.007594795576538738 0.019611375784142543 2.7489232135869376e-23 -6.760569022905809e-05 9.466490536855202e-24 2.7489232135869376e-23 0.01961252589455299 0.0 -6.720962571684912e-05 -6.760569022905809e-05 0.0 1.0099104934046894 0.0 9.466490536855202e-24 -6.720962571684912e-05 0.0 1.0099106297977665 1.17001828805e-09
0.002286532670713149 1.039474709857417 0.0010687605187574432 -0.9927438593288631 0.019612849051419697 3.254308516059231e-07 -6.743988804890937e-05 -1.9156879213106922e-07 3.254308516059231e-07 0.019611521806296762 -7.44221283400735e-08 -6.760249063448127e-05 -6.743988804890937e-05 -7.44221283400735e-08 1.0099105586524926 -2.0525174679365968e-08 -1.9156879213106922e-07 -6.760249063448127e-05 -2.0525174679365968e-08 1.0099105700196496 7.20088418269e-10
0.0019237238696325429 1.0405898536506335 0.0009354392635411584 0.007626095528844454 0.01961502102688711 1.05979273749149e-06 -6.693089887089747e-05 -4.4461665987391187e-07 1.05979273749149e-06 0.01961170884347875 1.3316079251847718e-07 -6.759906098846176e-05 -6.693089887089747e-05 1.3316079251847718e-07 1.0099106711705799 -2.3490548883925477e-08 -4.4461665987391187e-07 -6.759906098846176e-05 -2.3490548883925477e-08 1.009910639130298 5.5710098946e-10
0.0018959300811553874 1.0407219215121808 1.0009472498260084 0.007695114329980142 0.0196119199886604 3.3579102096751657e-07 -6.743503888047392e-05 8.467007674578849e-08 3.3579102096751657e-07 0.019611860500927975 1.0575237754023298e-07 -6.74425624134898e-05 -6.743503888047392e-05 1.0575237754023298e-07 1.0099105465430527 2.9192486397967515e-08 8.467007674578849e-08 -6.74425624134898e-05 2.9192486397967515e-08 1.0099105498610965 2.14767753392e-09
0.00044976328248290366 1.000449763282483 0.0004497632824829037 1.000449763282483 0.019947864854870545 0.0 4.6874755860646546e-05 0.0 0.0 0.019947864854870545 0.0 4.6874755860646546e-05 4.6874755860646546e-05 0.0 1.0099478648548705 0.0 0.0 4.6874755860646546e-05 0.0 1.0099478648548705 1.42458848043e-06
0.00044976328248290366 1.0051841136244082 0.0004497632824829037 1.0051841136244082 0.019947864854870545 0.0 4.6874755860646546e-05 0.0 0.0 0.019947864854870545 0.0 4.6874755860646546e-05 4.6874755860646546e-05 0.0 1.0099478648548705 0.0 0.0 4.6874755860646546e-05 0.0 1.0099478648548705 1.42458848043e-06
0.005184113624408208 1.000449763282483 0.005184113624408209 1.000449763282483 0.019947864854870545 0.0 4.6874755860646546e-05 0.0 0.0 0.019947864854870545 0.0 4.6874755860646546e-05 4.6874755860646546e-05 0.0 1.0099478648548705 0.0 0.0 4.6874755860646546e-05 0.0 1.0099478648548705 1.42458848043e-06
0.005184113624408208 1.0051841136244082 0.005184113624408209 1.0051841136244082 0.019947864854870545 0.0 4.6874755860646546e-05 0.0 0.0 0.019947864854870545 0.0 4.6874755860646546e-05 4.6874755860646546e-05 0.0 1.0099478648548705 0.0 0.0 4.6874755860646546e-05 0.0 1.0099478648548705 1.42458848043e-06
0.0028169384534455556 1.0028169384534455 0.002816938453445556 1.0028169384534455 0.019947864854870545 0.0 4.6874755860646546e-05 0.0 0.0 0.019947864854870545 0.0 4.6874755860646546e-05 4.6874755860646546e-05 0.0 1.0099478648548705 0.0 0.0 4.6874755860646546e-05 0.0 1.0099478648548705 2.00214502996e-06
0.9554875075291436 0.9882526044555289 -0.7847168821280353 1.0977124388232486 0.028958839303871973 9.199952791013814e-06 -0.01555809611558383 -4.426266792450277e-05 9.199952791013814e-06 0.028973868163028143 -6.644290789961197e-05 -0.015594824210361954 -0.01555809611558383 -6.644290789961197e-05 1.1040021893003813 0.0003033263110326828 -4.426266792450277e-05 -0.015594824210361954 0.0003033263110326828 1.1041042442674662 1.8168588208e-09
0.9521425055330235 0.9937546073976984 0.22368772218775546 0.056020180812468914 0.028955917343662593 -5.976241865018602e-06 -0.015522505380576113 5.990371820213848e-05 -5.976241865018602e-06 0.02899807978251219 3.915535607512432e-06 -0.01584440411514202 -0.015522505380576113 3.915535607512432e-06 1.1038383563594745 1.1237801575193073e-05 5.990371820213848e-05 -0.01584440411514202 1.1237801575193073e-05 1.1062663816453029 2.52529046457e-09
0.9613441982133418 0.9977231609996438 -0.8313474177538523 0.04699075014071874 0.0289837539358411 4.759439035674606e-05 -0.015851296777340478 -0.0003407535687504094 4.759439035674606e-05 0.02902803161110292 -0.0005169424652379897 -0.01604937194377148 -0.015851296777340478 -0.0005169424652379897 1.1073260220531436 0.0036635155562587825 -0.0003407535687504094 -0.01604937194377148 0.0036635155562587825 1.1075042261405095 1.01199759533e-09
1.1927377863085689 1.008936756672966 -0.9248444566613709 -0.6015610356937369 0.1535670249473119 -1.833626138324048e-05 -0.12763827975544897 0.005831051480235799 -1.833626138324048e-05 0.15185252123012624 -0.00021277507722169522 -0.1256552630563093 -0.12763827975544897 -0.00021277507722169525 1.208051609167867 -0.012518695040487355 0.005831051480235799 -0.1256552630563093 -0.012518695040487355 1.5595250376501433 5.08462081056e-10
1.193143007879442 1.0149938263687837 0.07338831378545672 -0.008698851527300796 0.15234754006182122 -2.5577192127667904e-05 -0.12761520597381368 2.7210427203759793e-05 -2.5577192127667904e-05 0.15231847212156055 -3.838355022189379e-05 -0.12740853898211296 -0.12761520597381368 -3.838355022189379e-05 1.2076431931989793 0.0001309014602226534 2.7210427203759793e-05 -0.12740853898211296 0.0001309014602226534 1.2058043516056542 5.02612106816e-10
0.6358095806138191 1.0026599634923086 0.5032495940793091 0.0014010987885017848 0.195033520141888 1.2084807026330008e-05 -0.1646861398244118 3.6853136916206845e-07 1.2084807026330008e-05 0.19502263373173503 7.359361954732745e-06 -0.1646799690304942 -0.1646861398244118 7.359361954732745e-06 1.2383284589061274 3.5540488823432424e-05 3.6853136916206845e-07 -0.1646799690304942 3.5540488823432424e-05 1.2383207776636758 2.92892342653e-07
0.6358628216411096 1.0280768353671381 0.5033853232204285 -0.015483822817024082 0.19502462369385828 -1.1042021254876975e-05 -0.16468111873498406 1.5353992333965264e-05 -1.1042021254876975e-05 0.19502555514497222 1.8491028021828655e-05 -0.16468479231762817 -0.16468111873498406 1.8491028021828655e-05 1.2383344984739373 2.6219399243751836e-05 1.5353992333965264e-05 -0.16468479231762817 2.6219399243751836e-05 1.238314629225618 3.35829616473e-07
0.6607627553648772 1.005094997752832 0.48697378776665046 -0.0009824761371707725 0.19502388248713834 -1.253421522601609e-05 -0.16468733500551838 7.057615086564933e-06 -1.253421522601609e-05 0.1950675854604645 3.854229710458991e-05 -0.16468888732622408 -0.16468733500551838 3.854229710458991e-05 1.2383476969193827 7.790822285770424e-06 7.057615086564933e-06 -0.16468888732622408 7.790822285770424e-06 1.2383015997389315 2.90116718063e-07
0.6454797972255333 1.0125530697009768 -0.5062708588491627 -1.0081413423126406 0.19505330678760702 -5.052499192463043e-06 -0.16471467749590638 3.276818056461344e-06 -5.052499192463043e-06 0.19502094295622405 3.276818056461449e-06 -0.16469368780684115 -0.16471467749590638 3.276818056461449e-06 1.238289974887792 -2.125193130395533e-06 3.276818056461344e-06 -0.16469368780684115 -2.125193130395533e-06 1.2382763619430872 3.27798764799e-07
0.6583249318658674 1.0254937449338704 -0.5118127639639365 -0.014893210215540274 0.19505020135150997 4.013717754281653e-05 -0.16471526902636088 -3.215995994901181e-05 4.013717754281653e-05 0.1950937802033164 -5.5920628187139723e-05 -0.16474698965314125 -0.16471526902636088 -5.5920628187139723e-05 1.2383846363670807 5.137820476291577e-05 -3.215995994901181e-05 -0.16474698965314125 5.137820476291577e-05 1.2383653541023842 3.01423892347e-07
0.6601651079220712 1.008806845509327 -0.4967686154504042 1.0165239231960395 0.19510107279718472 -3.706835797443289e-05 -0.1647262624492102 3.9266597481988005e-06 -3.706835797443289e-05 0.1950307987222388 9.176169548864177e-06 -0.16468332099142408 -0.1647262624492102 9.176169548864177e-06 1.2383172325328653 -2.1643262836084405e-05 3.9266597481988005e-06 -0.16468332099142408 -2.1643262836084405e-05 1.238290570449532 5.26469360847e-08
0.6555247273135797 1.0252036419862653 -0.5023240911622596 -1.0062166039728473 0.19506535147222362 3.651847460260871e-06 -0.16470599156375826 -7.4312013774418136e-06 3.651847460260871e-06 0.19505087924203812 9.873945074716038e-06 -0.1646776366688288 -0.16470599156375826 9.873945074716038e-06 1.238410311838242 7.574475348148776e-05 -7.4312013774418136e-06 -0.1646776366688288 7.574475348148776e-05 1.2383728081971834 1.96516390842e-07
0.0 1.0 0.0 0.0 0.28624309392265185 0.0 -0.22375690607734797 0.0 0.0 0.28624309392265185 0.0 -0.22375690607734797 -0.22375690607734797 0.0 1.276243093922652 0.0 0.0 -0.22375690607734797 0.0 1.276243093922652 0.000316628698882
0.0 1.0248618784530388 0.0 0.024861878453038694 0.28624309392265185 0.0 -0.22375690607734797 0.0 0.0 0.28624309392265185 0.0 -0.22375690607734797 -0.22375690607734797 0.0 1.276243093922652 0.0 0.0 -0.22375690607734797 0.0 1.276243093922652 3.75679330876e-05
0.024861878453038694 1.0 0.024861878453038694 0.0 0.28624309392265185 0.0 -0.22375690607734797 0.0 0.0 0.28624309392265185 0.0 -0.22375690607734797 -0.22375690607734797 0.0 1.276243093922652 0.0 0.0 -0.22375690607734797 0.0 1.276243093922652 3.75679330876e-05
0.012430939226519347 1.0124309392265194 0.012430939226519347 0.012430939226519347 0.28624309392265185 0.0 -0.22375690607734797 0.0 0.0 0.28624309392265185 0.0 -0.22375690607734797 -0.22375690607734797 0.0 1.276243093922652 0.0 0.0 -0.22375690607734797 0.0 1.276243093922652 0.000109064594499
0.0 1.0248618784530388 0.0 0.024861878453038694 0.28624309392265185 0.0 -0.22375690607734797 0.0 0.0 0.28624309392265185 0.0 -0.22375690607734797 -0.22375690607734797 0.0 1.276243093922652 0.0 0.0 -0.22375690607734797 0.0 1.276243093922652 3.75679330876e-05
5.826064486347731e-11 1.049723768701072 -7.783888394943023e-09 0.049723729431574056 0.28624308278138516 1.608032435283589e-11 -0.223756896831691 -4.760435355998912e-11 1.608032435283589e-11 0.28624308614547905 -2.2154877295462623e-09 -0.22375690466917442 -0.223756896831691 -2.2154877295462623e-09 1.2762430906862063 3.6487202021919677e-10 -4.760435355998912e-11 -0.22375690466917442 3.6487202021919677e-10 1.2762431109310386 0.00031662871197
0.024861878453038694 1.0248618784530388 0.024861878453038694 0.024861878453038694 0.28624309392265185 0.0 -0.22375690607734797 0.0 0.0 0.28624309392265185 0.0 -0.22375690607734797 -0.22375690607734797 0.0 1.276243093922652 0.0 0.0 -0.22375690607734797 0.0 1.276243093922652 4.45742790043e-06
0.024861878453038694 1.0497237569060773 0.024861878453038694 0.04972375690607739 0.28624309392265185 0.0 -0.22375690607734797 0.0 0.0 0.28624309392265185 0.0 -0.22375690607734797 -0.22375690607734797 0.0 1.276243093922652 0.0 0.0 -0.22375690607734797 0.0 1.276243093922652 3.75679330876e-05
0.012430939226519347 1.037292817679558 0.012430939226519347 0.03729281767955803 0.28624309392265185 0.0 -0.22375690607734797 0.0 0.0 0.28624309392265185 0.0 -0.22375690607734797 -0.22375690607734797 0.0 1.276243093922652 0.0 0.0 -0.22375690607734797 0.0 1.276243093922652 0.000109064594499
0.024861878453038694 1.0 0.024861878453038694 0.0 0.28624309392265185 0.0 -0.22375690607734797 0.0 0.0 0.28624309392265185 0.0 -0.22375690607734797 -0.22375690607734797 0.0 1.276243093922652 0.0 0.0 -0.22375690607734797 0.0 1.276243093922652 3.75679330876e-05
0.024861878453038694 1.0248618784530388 0.024861878453038694 0.024861878453038694 0.28624309392265185 0.0 -0.22375690607734797 0.0 0.0 0.28624309392265185 0.0 -0.22375690607734797 -0.22375690607734797 0.0 1.276243093922652 0.0 0.0 -0.22375690607734797 0.0 1.276243093922652 4.45742790043e-06
0.04972375690607739 1.0 0.04972375690607739 0.0 0.28624309392265185 0.0 -0.22375690607734797 0.0 0.0 0.28624309392265185 0.0 -0.22375690607734797 -0.22375690607734797 0.0 1.276243093922652 0.0 0.0 -0.22375690607734797 0.0 1.276243093922652 0.000316628698882
0.04972375690607739 1.0248618784530388 0.04972375690607739 0.024861878453038694 0.28624309392265185 0.0 -0.22375690607734797 0.0 0.0 0.28624309392265185 0.0 -0.22375690607734797 -0.22375690607734797 0.0 1.276243093922652 0.0 0.0 -0.22375690607734797 0.0 1.276243093922652 3.75679330876e-05
0.03729281767955803 1.0124309392265194 0.03729281767955803 0.012430939226519347 0.28624309392265185 0.0 -0.22375690607734797 0.0 0.0 0.28624309392265185 0.0 -0.22375690607734797 -0.22375690607734797 0.0 1.276243093922652 0.0 0.0 -0.22375690607734797 0.0 1.276243093922652 0.000109064594499
0.024861878453038694 1.0248618784530388 0.024861878453038694 0.024861878453038694 0.28624309392265185 0.0 -0.22375690607734797 0.0 0.0 0.28624309392265185 0.0 -0.22375690607734797 -0.22375690607734797 0.0 1.276243093922652 0.0 0.0 -0.22375690607734797 0.0 1.276243093922652 4.45742790043e-06
0.024861878453038694 1.0497237569060773 0.024861878453038694 0.04972375690607739 0.28624309392265185 0.0 -0.22375690607734797 0.0 0.0 0.28624309392265185 0.0 -0.22375690607734797 -0.22375690607734797 0.0 1.276243093922652 0.0 0.0 -0.22375690607734797 0.0 1.276243093922652 3.75679330876e-05
0.04972375690607739 1.0248618784530388 0.04972375690607739 0.024861878453038694 0.28624309392265185 0.0 -0.22375690607734797 0.0 0.0 0.28624309392265185 0.0 -0.22375690607734797 -0.22375690607734797 0.0 1.276243093922652 0.0 0.0 -0.22375690607734797 0.0 1.276243093922652 3.75679330876e-05
0.04972375690607739 1.0497237569060773 0.04972375690607739 0.04972375690607739 0.28624309392265185 0.0 -0.22375690607734797 0.0 0.0 0.28624309392265185 0.0 -0.22375690607734797 -0.22375690607734797 0.0 1.276243093922652 0.0 0.0 -0.22375690607734797 0.0 1.276243093922652 0.000316628698882
0.03729281767955803 1.037292817679558 0.03729281767955803 0.03729281767955803 0.28624309392265185 0.0 -0.22375690607734797 0.0 0.0 0.28624309392265185 0.0 -0.22375690607734797 -0.22375690607734797 0.0 1.276243093922652 0.0 0.0 -0.22375690607734797 0.0 1.276243093922652 0.000109064594499
0.012430939226519347 1.0124309392265194 0.012430939226519347 0.012430939226519347 0.28624309392265185 0.0 -0.22375690607734797 0.0 0.0 0.28624309392265185 0.0 -0.22375690607734797 -0.22375690607734797 0.0 1.276243093922652 0.0 0.0 -0.22375690607734797 0.0 1.276243093922652 0.000109064594499
0.012430939226519347 1.037292817679558 0.012430939226519347 0.03729281767955803 0.28624309392265185 0.0 -0.22375690607734797 0.0 0.0 0.28624309392265185 0.0 -0.22375690607734797 -0.22375690607734797 0.0 1.276243093922652 0.0 0.0 -0.22375690607734797 0.0 1.276243093922652 0.000109064594499
0.03729281767955803 1.0124309392265194 0.03729281767955803 0.012430939226519347 0.28624309392265185 0.0 -0.22375690607734797 0.0 0.0 0.28624309392265185 0.0 -0.22375690607734797 -0.22375690607734797 0.0 1.276243093922652 0.0 0.0 -0.22375690607734797 0.0 1.276243093922652 0.000109064594499
0.03729281767955803 1.037292817679558 0.03729281767955803 0.03729281767955803 0.28624309392265185 0.0 -0.22375690607734797 0.0 0.0 0.28624309392265185 0.0 -0.22375690607734797 -0.22375690607734797 0.0 1.276243093922652 0.0 0.0 -0.22375690607734797 0.0 1.276243093922652 0.000109064594499
0.024861878453038697 1.0248618784530388 0.024861878453038697 0.024861878453038697 0.28624309392265185 0.0 -0.22375690607734797 0.0 0.0 0.28624309392265185 0.0 -0.22375690607734797 -0.22375690607734797 0.0 1.276243093922652 0.0 0.0 -0.22375690607734797 0.0 1.276243093922652 0.000321086126783
0 0 0 0 10.0 0 9.0 0 0 10.0 0 9.0 9.0 0 10.0 0 0 9.0 0 10.0 1
0 9 0 9 10.0 0 9.0 0 0 10.0 0 9.0 9.0 0 10.0 0 0 9.0 0 10.0 1
9 0 9 0 10.0 0 9.0 0 0 10.0 0 9.0 9.0 0 10.0 0 0 9.0 0 10.0 1
9 9 9 9 10.0 0 9.0 0 0 10.0 0 9.0 9.0 0 10.0 0 0 9.0 0 10.0 1
4.5 4.5 4.5 4.5 10.0 0 9.0 0 0 10.0 0 9.0 9.0 0 10.0 0 0 9.0 0 10.0 1
