20 0
1.00283074037672 0.0028160623463705904 0.002818691768812456 1.0028160672857682 0.019953862230679544 -5.634401588596936e-06 5.250029118871285e-05 -5.6342158788398065e-06 -5.634401588596936e-06 0.019953344929556416 -5.605646469014165e-06 5.2436287184838055e-05 5.250029118871285e-05 -5.605646469014165e-06 1.009953461033187 -5.605622877535936e-06 -5.6342158788398065e-06 5.2436287184838055e-05 -5.605622877535936e-06 1.0099534546704392 2.85022288047e-06
1.0028453576475491 0.0028162618107518836 0.0031569610879635755 0.002527381567533253 0.019952233580833808 3.2617924335039954e-06 6.364104752821553e-05 -7.474668547730078e-06 3.2617924335039954e-06 0.01995089943614955 2.9845144822276356e-06 5.044253836346863e-05 6.364104752821553e-05 2.9845144822276356e-06 1.010290725270177 1.4377373197507661e-06 -7.474668547730078e-06 5.044253836346863e-05 1.4377373197507661e-06 1.0102403945266951 4.85488411554e-06
1.0108821649418385 0.6443620362732883 -0.003611883934989921 -1.5018643333333945 0.19517507284013305 -7.941882179473859e-05 -0.16478954839878268 5.0150824295742204e-05 -7.941882179473859e-05 0.19519858231976364 7.681565781534098e-05 -0.16476656471955145 -0.16478954839878268 7.681565781534098e-05 1.2384074082087244 -3.4081623691536908e-06 5.0150824295742204e-05 -0.16476656471955145 -3.4081623691536908e-06 1.2383762760714565 6.37906516375e-07
1.0209728268142648 0.6564340153995243 -0.04012627306965141 -0.5104036245085815 0.19494152530899594 -1.8426486150710433e-05 -0.16437108057590166 -1.89946233168076e-05 -1.8426486150710426e-05 0.19495054879946142 -0.0002042621785332645 -0.16461065603605382 -0.16437108057590166 -0.0002042621785332645 1.2631286566170137 0.0002467311585527597 -1.8994623316807604e-05 -0.16461065603605382 0.0002467311585527597 1.2383112183913947 1.99309023389e-07
1.018375271682313 0.651458271517579 0.990204813179983 -0.5061626589489931 0.19380749405257083 1.8403754197611922e-06 -0.1635231446934779 2.837277233439365e-05 1.8403754197611922e-06 0.19444286281299225 -0.0004685612357069552 -0.16401695342947353 -0.1635231446934779 -0.0004685612357069552 1.2390356434362653 0.0005266477117157433 2.837277233439365e-05 -0.16401695342947353 0.0005266477117157433 1.2378579990167071 9.68677314721e-07
1.0 0.0 0.0 0.0 0.28624309392265185 0.0 -0.22375690607734797 0.0 0.0 0.28624309392265185 0.0 -0.22375690607734797 -0.22375690607734797 0.0 1.276243093922652 0.0 0.0 -0.22375690607734797 0.0 1.276243093922652 0.000316628698882
1.0 0.04972375690607739 0.0 0.04972375690607739 0.28624309392265185 0.0 -0.22375690607734797 0.0 0.0 0.28624309392265185 0.0 -0.22375690607734797 -0.22375690607734797 0.0 1.276243093922652 0.0 0.0 -0.22375690607734797 0.0 1.276243093922652 0.000316628698882
1.0497237569060773 0.0 0.04972375690607739 0.0 0.28624309392265185 0.0 -0.22375690607734797 0.0 0.0 0.28624309392265185 0.0 -0.22375690607734797 -0.22375690607734797 0.0 1.276243093922652 0.0 0.0 -0.22375690607734797 0.0 1.276243093922652 0.000316628698882
1.0497237569060773 0.024861878453038694 0.04972375690607739 0.024861878453038694 0.28624309392265185 0.0 -0.22375690607734797 0.0 0.0 0.28624309392265185 0.0 -0.22375690607734797 -0.22375690607734797 0.0 1.276243093922652 0.0 0.0 -0.22375690607734797 0.0 1.276243093922652 3.75679330876e-05
1.0497237569060773 0.04972375690607739 0.04972375690607739 0.04972375690607739 0.28624309392265185 0.0 -0.22375690607734797 0.0 0.0 0.28624309392265185 0.0 -0.22375690607734797 -0.22375690607734797 0.0 1.276243093922652 0.0 0.0 -0.22375690607734797 0.0 1.276243093922652 0.000316628698882
1.013148991012853 0.013148991012852794 0.013148991012852794 0.013148991012852794 0.2862515043824014 8.410459749548005e-06 -0.22374849561759844 8.410459749548005e-06 8.410459749548005e-06 0.2862515043824014 8.410459749548042e-06 -0.22374849561759844 -0.22374849561759844 8.410459749548042e-06 1.2762515043824019 8.410459749548042e-06 8.410459749548005e-06 -0.22374849561759844 8.410459749548042e-06 1.2762515043824019 0.000231501472699
1.009246074989611 0.03410795344264973 0.009246074989611042 0.03410795344264973 0.2862725414162181 2.9447493566184523e-05 -0.2237274585837818 2.9447493566184523e-05 2.9447493566184523e-05 0.2862725414162181 2.9447493566184526e-05 -0.2237274585837818 -0.2237274585837818 2.9447493566184526e-05 1.2762725414162182 2.9447493566184526e-05 2.9447493566184523e-05 -0.2237274585837818 2.9447493566184526e-05 1.2762725414162182 0.000293265055173
1.03588121511981 0.011019336666771372 0.03588121511981006 0.011019336666771372 0.28629374393776186 5.0650015109991123e-05 -0.22370625606223798 5.0650015109991123e-05 5.0650015109991123e-05 0.28629374393776186 5.065001510999171e-05 -0.22370625606223798 -0.22370625606223798 5.065001510999171e-05 1.2762937439377622 5.065001510999171e-05 5.0650015109991123e-05 -0.22370625606223798 5.065001510999171e-05 1.2762937439377622 0.000330832988261
1.0341079534426498 0.04047768191646634 0.03410795344264973 0.04047768191646634 0.2862725414162181 -2.944749356618417e-05 -0.2237274585837818 -2.944749356618417e-05 -2.944749356618417e-05 0.2862725414162181 -2.9447493566184557e-05 -0.2237274585837818 -0.2237274585837818 -2.9447493566184557e-05 1.2762725414162182 -2.9447493566184557e-05 -2.944749356618417e-05 -0.2237274585837818 -2.9447493566184557e-05 1.2762725414162182 0.000293265055173
1.0248618784530388 0.024861878453038697 0.024861878453038697 0.024861878453038697 0.28624309392265185 0.0 -0.22375690607734797 0.0 0.0 0.28624309392265185 0.0 -0.22375690607734797 -0.22375690607734797 0.0 1.276243093922652 0.0 0.0 -0.22375690607734797 0.0 1.276243093922652 0.000321086126783
0 0 0 0 10.0 0 9.0 0 0 10.0 0 9.0 9.0 0 10.0 0 0 9.0 0 10.0 1
0 9 0 9 10.0 0 9.0 0 0 10.0 0 9.0 9.0 0 10.0 0 0 9.0 0 10.0 1
9 0 9 0 10.0 0 9.0 0 0 10.0 0 9.0 9.0 0 10.0 0 0 9.0 0 10.0 1
9 9 9 9 10.0 0 9.0 0 0 10.0 0 9.0 9.0 0 10.0 0 0 9.0 0 10.0 1
4.5 4.5 4.5 4.5 10.0 0 9.0 0 0 10.0 0 9.0 9.0 0 10.0 0 0 9.0 0 10.0 1
50 4
0.001612674844438968 0.0016609686958301334 1.0008503913371576 0.000867022332338854 0.019611587033435244 1.540734881599112e-07 -6.753294212826011e-05 5.3058419763678045e-08 1.5407348815991122e-07 0.019611634753338828 5.3058419763702986e-08 -6.751650878397979e-05 -6.753294212826011e-05 5.305841976370298e-08 1.0099105184570152 1.8271773693460636e-08 5.3058419763678045e-08 -6.751650878397979e-05 1.8271773693460636e-08 1.00991052411618 1.40577537175e-09
0.0004497614281348285 0.0004497617266991109 0.000449760790747594 1.0004498262551453 0.019947724334529467 4.436675857093619e-12 4.6834072936447036e-05 5.173225285565787e-11 4.436675857093619e-12 0.01994772433448617 1.575291799891511e-13 4.6834123155369237e-05 4.6834072936447036e-05 1.575291799891511e-13 1.0099478513734663 1.5483712575322813e-12 5.173225285565787e-11 4.6834123155369237e-05 1.5483712575322813e-12 1.0099478520132172 1.42510050334e-06
0.00044976328248290366 0.005184113624408208 0.0004497632824829037 1.0051841136244082 0.019947864854870545 0.0 4.6874755860646546e-05 0.0 0.0 0.019947864854870545 0.0 4.6874755860646546e-05 4.6874755860646546e-05 0.0 1.0099478648548705 0.0 0.0 4.6874755860646546e-05 0.0 1.0099478648548705 1.42458848043e-06
0.005184113624408208 0.00044976328248290366 0.005184113624408209 1.000449763282483 0.019947864854870545 0.0 4.6874755860646546e-05 0.0 0.0 0.019947864854870545 0.0 4.6874755860646546e-05 4.6874755860646546e-05 0.0 1.0099478648548705 0.0 0.0 4.6874755860646546e-05 0.0 1.0099478648548705 1.42458848043e-06
0.0028169384534455556 0.0028169384534455556 0.002816938453445556 1.0028169384534455 0.019947864854870545 0.0 4.6874755860646546e-05 0.0 0.0 0.019947864854870545 0.0 4.6874755860646546e-05 4.6874755860646546e-05 0.0 1.0099478648548705 0.0 0.0 4.6874755860646546e-05 0.0 1.0099478648548705 2.00214502996e-06
0.0026079631145929576 0.0027237914581994486 0.9982478121626454 -0.002199520392120408 0.028980533279465696 2.2665120871277073e-07 -0.015547718017180679 -2.3231502367537924e-07 2.266512087127707e-07 0.028985591797714448 -2.2262084493158705e-06 -0.015557050470737941 -0.015547718017180679 -2.2262084493158705e-06 1.1037490284719047 3.0582774958434337e-06 -2.3231502367537924e-07 -0.015557050470737941 3.0582774958434337e-06 1.1037624485797446 1.65079613669e-09
0.002632807012581815 -0.012674491698081412 -0.0019014780255830507 1.1004238087009386 0.028957321177546083 -1.2881519934742193e-09 -0.015520017168073648 8.198946865441933e-09 -1.2881519934742195e-09 0.028959203443714845 2.1643523432979157e-09 -0.015526689312364023 -0.015520017168073648 2.1643523432979157e-09 1.1036967191490537 -3.8770857876585756e-08 8.198946865441933e-09 -0.015526689312364023 -3.8770857876585756e-08 1.1037204405287842 3.96721283847e-09
0.001871318786568536 0.0023618766521608576 0.0019026631924784184 -0.9989789081049889 0.019838898111384305 3.7753418270271335e-07 -0.0004546391314998614 -8.136455561523836e-08 3.7753418270271335e-07 0.019838184656176636 4.205503783801075e-07 -0.00045747301876529175 -0.0004546391314998614 4.205503783801075e-07 1.0123114826828903 -3.0517406663384014e-06 -8.136455561523836e-08 -0.00045747301876529175 -3.0517406663384014e-06 1.0122744531660066 1.00061199804e-09
0.0021595362196374394 -0.005493901815847839 -0.9881071541836424 0.06708633609913865 0.024809160587116068 -1.1234602425889572e-05 -0.008641251667620363 8.922251311442735e-05 -1.1234602425889572e-05 0.024860408168314967 -7.546813678816199e-05 -0.009088218346116934 -0.008641251667620363 -7.546813678816199e-05 1.0621735476631997 0.0005804477206762386 8.922251311442735e-05 -0.009088218346116934 0.0005804477206762386 1.0655366993556832 1.13678637939e-09
0.005181682783670689 0.005179679544174103 0.005182759285941052 0.0051906041833990075 0.01994944112044417 1.197626077938906e-08 4.366705694823335e-05 -1.4179668160418424e-08 1.197626077938906e-08 0.019949465750360742 1.6311985981983596e-08 4.35424721663725e-05 4.366705694823335e-05 1.6311985981983596e-08 1.0099667187337427 -1.501352138271421e-08 -1.4179668160418424e-08 4.35424721663725e-05 -1.501352138271421e-08 1.0099678087054647 1.42590567505e-06
0.0 0.030677613296999095 0.0 -1.019240164577957 0.19500760944522388 0.0 -0.16468504030628017 0.0 0.0 0.1950090647746089 0.0 -0.16467977072396991 -0.16468504030628017 0.0 1.2382707535728723 0.0 0.0 -0.16467977072396991 0.0 1.238289834131549 1.98673829708e-07
0.0034128401993969515 0.0034121590008156623 -0.002219069910194471 -1.0022107824505142 0.19497677764999816 1.721561931058073e-05 -0.1646543447012124 -1.1121428319411826e-05 1.721561931058073e-05 0.19497679003993093 -1.1163033531912074e-05 -0.16465433545415928 -0.16465434470121243 -1.1163033531912074e-05 1.2382418666905666 7.201723669246425e-06 -1.1121428319411828e-05 -0.16465433545415928 7.201723669246425e-06 1.2382418026567161 3.38938333528e-07
0.007970732234199552 0.030187569372668265 0.016526541168392014 -0.00017457477661016033 0.19502402081662493 -1.117947855510127e-05 -0.16468728236397212 -1.1511068181138775e-06 -1.1179478555101272e-05 0.19503997686638627 -3.3525880858392154e-06 -0.16469542924100705 -0.16468728236397212 -3.352588085839219e-06 1.238288998313249 -1.4616311037866931e-05 -1.151106818113874e-06 -0.16469542924100705 -1.4616311037866934e-05 1.2382928542228613 5.07202535282e-08
0.021265339772042594 0.005575072730099324 0.9869155167022718 -0.0036157351623781766 0.19502475737457847 9.05988067924245e-06 -0.1646828054293635 -5.875820948851371e-06 9.059880679242447e-06 0.19501905699698283 -9.81871168194059e-06 -0.1646924646606198 -0.1646828054293635 -9.818711681940596e-06 1.238289208879229 6.367963755158669e-06 -5.8758209488513646e-06 -0.1646924646606198 6.367963755158662e-06 1.238275568666835 1.84258744576e-07
0.031018474861023704 0.0021015452797255325 -0.01753177709996457 0.001182448706503731 0.19500994114490613 1.6212384930587015e-06 -0.16467736214318476 7.544516556926671e-06 1.6212384930587015e-06 0.1950290969715367 7.0158239742628925e-06 -0.1646896767171926 -0.16467736214318476 7.0158239742628925e-06 1.238317313443146 2.5367966121100658e-05 7.544516556926671e-06 -0.1646896767171926 2.5367966121100658e-05 1.2383237920316066 2.49895146605e-07
0.014442784934464869 0.00810080074930402 0.00891526725853284 1.0175616083567114 0.19508180818266505 3.273202295100493e-05 -0.1647137636682682 -3.101893810512683e-05 3.273202295100493e-05 0.19498040198120306 -3.0886584055011035e-05 -0.16464816611465108 -0.1647137636682682 -3.088658405501104e-05 1.238316393887164 -1.5010519940966055e-05 -3.101893810512683e-05 -0.16464816611465108 -1.5010519940966055e-05 1.2382738919391398 5.32488148796e-08
0.02603337214836654 0.027817158112388524 -0.016540905201476955 -0.018040926383144182 0.19503732362982873 8.500910320976587e-06 -0.1646994674207541 -5.5132985429646725e-06 8.500910320976589e-06 0.1950209378697066 -4.584479556043715e-06 -0.1646936845079604 -0.1646994674207541 -4.5844795560437135e-06 1.2382909538442097 2.9732820959442227e-06 -5.513298542964674e-06 -0.1646936845079604 2.9732820959442244e-06 1.2382763598035853 3.79722142057e-07
0.0335249086180958 0.03574131494695185 -0.0051535439934347034 -0.9986696537243827 0.19502681106884415 -1.4743977393354485e-06 -0.16466742883114693 -2.9108536616001424e-05 -1.4743977393354483e-06 0.19501086577220952 -5.7473436225508756e-06 -0.16468044863981995 -0.16466742883114693 -5.7473436225508756e-06 1.2383055372523555 -4.247820824571866e-05 -2.9108536616001424e-05 -0.16468044863981995 -4.247820824571866e-05 1.2383291322928753 3.15560364424e-08
0.00886973005864667 0.022062842745593142 0.9973501609618745 -0.010285075489938886 0.19500271152899007 2.450301333486491e-05 -0.16460609570363677 3.3522243054600794e-05 2.4503013334864906e-05 0.19495252858659778 1.2340407213922738e-06 -0.16461210576712096 -0.16460609570363677 1.234040721392267e-06 1.238234207581587 6.804703461983171e-06 3.35222430546008e-05 -0.16461210576712096 6.804703461983164e-06 1.2383136704025823 2.20276044057e-07
0.009883804328371444 0.01557640671731011 -0.964603392746577 -0.008430709249191648 0.1944784762459141 1.459947470919578e-06 -0.16421970887098142 7.836054593870544e-06 1.459947470919578e-06 0.19470542252349085 -2.6344126560016635e-06 -0.16435639967311827 -0.16421970887098142 -2.6344126560016635e-06 1.2379078468255682 6.707508550559738e-06 7.836054593870544e-06 -0.16435639967311827 6.707508550559738e-06 1.2380072304545102 6.3627487843e-09
0.0171868552108458 0.015535902048724981 -0.006744259759924871 -1.006605593099005 0.19496938054937907 3.1360763413269843e-06 -0.16463949424253724 1.7267953736415218e-06 3.1360763413269843e-06 0.19494846268098856 7.158373294341025e-07 -0.16462661093162706 -0.16463949424253724 7.158373294341025e-07 1.2383195035371797 5.2922830554398497e-05 1.7267953736415218e-06 -0.16462661093162706 5.2922830554398497e-05 1.2382762268079726 2.73494507235e-07
0.0 0.0 0.0 0.0 0.28624309392265185 0.0 -0.22375690607734797 0.0 0.0 0.28624309392265185 0.0 -0.22375690607734797 -0.22375690607734797 0.0 1.276243093922652 0.0 0.0 -0.22375690607734797 0.0 1.276243093922652 0.000316628698882
0.0 0.024861878453038694 0.0 0.024861878453038694 0.28624309392265185 0.0 -0.22375690607734797 0.0 0.0 0.28624309392265185 0.0 -0.22375690607734797 -0.22375690607734797 0.0 1.276243093922652 0.0 0.0 -0.22375690607734797 0.0 1.276243093922652 3.75679330876e-05
0.024861878453038694 0.0 0.024861878453038694 0.0 0.28624309392265185 0.0 -0.22375690607734797 0.0 0.0 0.28624309392265185 0.0 -0.22375690607734797 -0.22375690607734797 0.0 1.276243093922652 0.0 0.0 -0.22375690607734797 0.0 1.276243093922652 3.75679330876e-05
0.012430939226519347 0.012430939226519347 0.012430939226519347 0.012430939226519347 0.28624309392265185 0.0 -0.22375690607734797 0.0 0.0 0.28624309392265185 0.0 -0.22375690607734797 -0.22375690607734797 0.0 1.276243093922652 0.0 0.0 -0.22375690607734797 0.0 1.276243093922652 0.000109064594499
0.0 0.024861878453038694 0.0 0.024861878453038694 0.28624309392265185 0.0 -0.22375690607734797 0.0 0.0 0.28624309392265185 0.0 -0.22375690607734797 -0.22375690607734797 0.0 1.276243093922652 0.0 0.0 -0.22375690607734797 0.0 1.276243093922652 3.75679330876e-05
0.0 0.04972375690607739 0.0 0.04972375690607739 0.28624309392265185 0.0 -0.22375690607734797 0.0 0.0 0.28624309392265185 0.0 -0.22375690607734797 -0.22375690607734797 0.0 1.276243093922652 0.0 0.0 -0.22375690607734797 0.0 1.276243093922652 0.000316628698882
0.024861878453038694 0.024861878453038694 0.024861878453038694 0.024861878453038694 0.28624309392265185 0.0 -0.22375690607734797 0.0 0.0 0.28624309392265185 0.0 -0.22375690607734797 -0.22375690607734797 0.0 1.276243093922652 0.0 0.0 -0.22375690607734797 0.0 1.276243093922652 4.45742790043e-06
0.024861878453038694 0.04972375690607739 0.024861878453038694 0.04972375690607739 0.28624309392265185 0.0 -0.22375690607734797 0.0 0.0 0.28624309392265185 0.0 -0.22375690607734797 -0.22375690607734797 0.0 1.276243093922652 0.0 0.0 -0.22375690607734797 0.0 1.276243093922652 3.75679330876e-05
0.012430939226519347 0.03729281767955803 0.012430939226519347 0.03729281767955803 0.28624309392265185 0.0 -0.22375690607734797 0.0 0.0 0.28624309392265185 0.0 -0.22375690607734797 -0.22375690607734797 0.0 1.276243093922652 0.0 0.0 -0.22375690607734797 0.0 1.276243093922652 0.000109064594499
0.024861878453038694 0.0 0.024861878453038694 0.0 0.28624309392265185 0.0 -0.22375690607734797 0.0 0.0 0.28624309392265185 0.0 -0.22375690607734797 -0.22375690607734797 0.0 1.276243093922652 0.0 0.0 -0.22375690607734797 0.0 1.276243093922652 3.75679330876e-05
0.024861878453038694 0.024861878453038694 0.024861878453038694 0.024861878453038694 0.28624309392265185 0.0 -0.22375690607734797 0.0 0.0 0.28624309392265185 0.0 -0.22375690607734797 -0.22375690607734797 0.0 1.276243093922652 0.0 0.0 -0.22375690607734797 0.0 1.276243093922652 4.45742790043e-06
0.04972375690607739 0.0 0.04972375690607739 0.0 0.28624309392265185 0.0 -0.22375690607734797 0.0 0.0 0.28624309392265185 0.0 -0.22375690607734797 -0.22375690607734797 0.0 1.276243093922652 0.0 0.0 -0.22375690607734797 0.0 1.276243093922652 0.000316628698882
0.04972375690607739 0.024861878453038694 0.04972375690607739 0.024861878453038694 0.28624309392265185 0.0 -0.22375690607734797 0.0 0.0 0.28624309392265185 0.0 -0.22375690607734797 -0.22375690607734797 0.0 1.276243093922652 0.0 0.0 -0.22375690607734797 0.0 1.276243093922652 3.75679330876e-05
0.03729281767955803 0.012430939226519347 0.03729281767955803 0.012430939226519347 0.28624309392265185 0.0 -0.22375690607734797 0.0 0.0 0.28624309392265185 0.0 -0.22375690607734797 -0.22375690607734797 0.0 1.276243093922652 0.0 0.0 -0.22375690607734797 0.0 1.276243093922652 0.000109064594499
0.024861878453038694 0.024861878453038694 0.024861878453038694 0.024861878453038694 0.28624309392265185 0.0 -0.22375690607734797 0.0 0.0 0.28624309392265185 0.0 -0.22375690607734797 -0.22375690607734797 0.0 1.276243093922652 0.0 0.0 -0.22375690607734797 0.0 1.276243093922652 4.45742790043e-06
0.024861878453038694 0.04972375690607739 0.024861878453038694 0.04972375690607739 0.28624309392265185 0.0 -0.22375690607734797 0.0 0.0 0.28624309392265185 0.0 -0.22375690607734797 -0.22375690607734797 0.0 1.276243093922652 0.0 0.0 -0.22375690607734797 0.0 1.276243093922652 3.75679330876e-05
0.04972375690607739 0.024861878453038694 0.04972375690607739 0.024861878453038694 0.28624309392265185 0.0 -0.22375690607734797 0.0 0.0 0.28624309392265185 0.0 -0.22375690607734797 -0.22375690607734797 0.0 1.276243093922652 0.0 0.0 -0.22375690607734797 0.0 1.276243093922652 3.75679330876e-05
0.04972375690607739 0.04972375690607739 0.04972375690607739 0.04972375690607739 0.28624309392265185 0.0 -0.22375690607734797 0.0 0.0 0.28624309392265185 0.0 -0.22375690607734797 -0.22375690607734797 0.0 1.276243093922652 0.0 0.0 -0.22375690607734797 0.0 1.276243093922652 0.000316628698882
0.03729281767955803 0.03729281767955803 0.03729281767955803 0.03729281767955803 0.28624309392265185 0.0 -0.22375690607734797 0.0 0.0 0.28624309392265185 0.0 -0.22375690607734797 -0.22375690607734797 0.0 1.276243093922652 0.0 0.0 -0.22375690607734797 0.0 1.276243093922652 0.000109064594499
0.012430939226519347 0.012430939226519347 0.012430939226519347 0.012430939226519347 0.28624309392265185 0.0 -0.22375690607734797 0.0 0.0 0.28624309392265185 0.0 -0.22375690607734797 -0.22375690607734797 0.0 1.276243093922652 0.0 0.0 -0.22375690607734797 0.0 1.276243093922652 0.000109064594499
0.012430939226519347 0.03729281767955803 0.012430939226519347 0.03729281767955803 0.28624309392265185 0.0 -0.22375690607734797 0.0 0.0 0.28624309392265185 0.0 -0.22375690607734797 -0.22375690607734797 0.0 1.276243093922652 0.0 0.0 -0.22375690607734797 0.0 1.276243093922652 0.000109064594499
0.03729281767955803 0.012430939226519347 0.03729281767955803 0.012430939226519347 0.28624309392265185 0.0 -0.22375690607734797 0.0 0.0 0.28624309392265185 0.0 -0.22375690607734797 -0.22375690607734797 0.0 1.276243093922652 0.0 0.0 -0.22375690607734797 0.0 1.276243093922652 0.000109064594499
0.03729281767955803 0.03729281767955803 0.03729281767955803 0.03729281767955803 0.28624309392265185 0.0 -0.22375690607734797 0.0 0.0 0.28624309392265185 0.0 -0.22375690607734797 -0.22375690607734797 0.0 1.276243093922652 0.0 0.0 -0.22375690607734797 0.0 1.276243093922652 0.000109064594499
0.024861878453038697 0.024861878453038697 0.024861878453038697 0.024861878453038697 0.28624309392265185 0.0 -0.22375690607734797 0.0 0.0 0.28624309392265185 0.0 -0.22375690607734797 -0.22375690607734797 0.0 1.276243093922652 0.0 0.0 -0.22375690607734797 0.0 1.276243093922652 0.000321086126783
0 0 0 0 10.0 0 9.0 0 0 10.0 0 9.0 9.0 0 10.0 0 0 9.0 0 10.0 1
0 9 0 9 10.0 0 9.0 0 0 10.0 0 9.0 9.0 0 10.0 0 0 9.0 0 10.0 1
9 0 9 0 10.0 0 9.0 0 0 10.0 0 9.0 9.0 0 10.0 0 0 9.0 0 10.0 1
9 9 9 9 10.0 0 9.0 0 0 10.0 0 9.0 9.0 0 10.0 0 0 9.0 0 10.0 1
4.5 4.5 4.5 4.5 10.0 0 9.0 0 0 10.0 0 9.0 9.0 0 10.0 0 0 9.0 0 10.0 1
20 3
0.002839308942777028 1.0028082297918757 0.002992781008223704 1.001475508590664 0.019960449722156312 -2.7284479539146872e-08 4.518434224010036e-05 -2.744181232913009e-05 -2.7284479539146872e-08 0.019959729952321648 -4.147274336195921e-07 3.747014608463735e-05 4.518434224010036e-05 -4.147274336195921e-07 1.0102834266996132 -0.00017564745168471783 -2.744181232913009e-05 3.747014608463736e-05 -0.00017564745168471783 1.0124494634219723 7.71176599624e-06
0.01850696584989894 1.0152234481099323 0.988249779754458 -0.009204911457426676 0.19506048009103444 -5.5010344017663826e-05 -0.16470613247832586 4.062146021365956e-05 -5.5010344017663826e-05 0.19506973352137846 3.874704944810159e-05 -0.16471012683398073 -0.16470613247832586 3.87470494481016e-05 1.2382830687915518 -2.64891098698028e-05 4.062146021365956e-05 -0.16471012683398073 -2.6489109869802797e-05 1.2383062450885007 7.74664258309e-07
0.014900048994900432 1.0243458755552712 -0.006725558162941106 -1.0133550226175552 0.19515223373780863 2.9168235856221946e-05 -0.16475069964639177 -7.688331860301302e-06 2.9168235856221946e-05 0.19506374551817385 -1.7671180329587465e-05 -0.16470601063195225 -0.16475069964639177 -1.7671180329587465e-05 1.238362701630028 4.2891484444703814e-05 -7.688331860301302e-06 -0.16470601063195225 4.2891484444703814e-05 1.238320648235244 6.40211204104e-07
0.013610323121590854 1.0074911141097675 -0.054565073521738124 0.05044684667126063 0.19514798072086256 4.206909408430586e-05 -0.16435340022216624 0.0009992050453454466 4.206909408430585e-05 0.19509639292575784 0.0001720467374977762 -0.16474295461981844 -0.16435340022216624 0.0001720467374977762 1.2853323673250068 0.0018776729569103118 0.0009992050453454466 -0.16474295461981844 0.0018776729569103118 1.286817466590256 5.72269250404e-07
0.0 1.0 0.0 0.0 0.28624309392265185 0.0 -0.22375690607734797 0.0 0.0 0.28624309392265185 0.0 -0.22375690607734797 -0.22375690607734797 0.0 1.276243093922652 0.0 0.0 -0.22375690607734797 0.0 1.276243093922652 0.000316628698882
0.0 1.0497237569060773 0.0 0.04972375690607739 0.28624309392265185 0.0 -0.22375690607734797 0.0 0.0 0.28624309392265185 0.0 -0.22375690607734797 -0.22375690607734797 0.0 1.276243093922652 0.0 0.0 -0.22375690607734797 0.0 1.276243093922652 0.000316628698882
0.04972375690607739 1.0 0.04972375690607739 0.0 0.28624309392265185 0.0 -0.22375690607734797 0.0 0.0 0.28624309392265185 0.0 -0.22375690607734797 -0.22375690607734797 0.0 1.276243093922652 0.0 0.0 -0.22375690607734797 0.0 1.276243093922652 0.000316628698882
0.04972375690607739 1.0248618784530388 0.04972375690607739 0.024861878453038694 0.28624309392265185 0.0 -0.22375690607734797 0.0 0.0 0.28624309392265185 0.0 -0.22375690607734797 -0.22375690607734797 0.0 1.276243093922652 0.0 0.0 -0.22375690607734797 0.0 1.276243093922652 3.75679330876e-05
0.04972375690607739 1.0248618784530388 0.04972375690607739 0.024861878453038694 0.28624309392265185 0.0 -0.22375690607734797 0.0 0.0 0.28624309392265185 0.0 -0.22375690607734797 -0.22375690607734797 0.0 1.276243093922652 0.0 0.0 -0.22375690607734797 0.0 1.276243093922652 3.75679330876e-05
0.04972375690607739 1.0497237569060773 0.04972375690607739 0.04972375690607739 0.28624309392265185 0.0 -0.22375690607734797 0.0 0.0 0.28624309392265185 0.0 -0.22375690607734797 -0.22375690607734797 0.0 1.276243093922652 0.0 0.0 -0.22375690607734797 0.0 1.276243093922652 0.000316628698882
0.013148991012852794 1.013148991012853 0.013148991012852794 0.013148991012852794 0.2862515043824014 8.410459749548005e-06 -0.22374849561759844 8.410459749548042e-06 8.410459749548005e-06 0.2862515043824014 8.410459749548005e-06 -0.22374849561759844 -0.22374849561759844 8.410459749548005e-06 1.2762515043824019 8.410459749548042e-06 8.410459749548042e-06 -0.22374849561759844 8.410459749548042e-06 1.2762515043824019 0.000231501472699
0.009246074989611042 1.0341079534426498 0.009246074989611042 0.03410795344264973 0.2862725414162181 2.944749356618413e-05 -0.2237274585837818 2.9447493566184526e-05 2.944749356618413e-05 0.2862725414162181 2.944749356618413e-05 -0.2237274585837818 -0.2237274585837818 2.944749356618413e-05 1.2762725414162182 2.9447493566184526e-05 2.9447493566184526e-05 -0.2237274585837818 2.9447493566184526e-05 1.2762725414162182 0.000293265055173
0.03410795344264973 1.009246074989611 0.03410795344264973 0.009246074989611042 0.2862725414162181 2.9447493566184523e-05 -0.2237274585837818 2.9447493566184526e-05 2.9447493566184523e-05 0.2862725414162181 2.9447493566184523e-05 -0.2237274585837818 -0.2237274585837818 2.9447493566184523e-05 1.2762725414162182 2.9447493566184526e-05 2.9447493566184526e-05 -0.2237274585837818 2.9447493566184526e-05 1.2762725414162182 0.000293265055173
0.03410795344264973 1.0404776819164665 0.03410795344264973 0.04047768191646634 0.2862725414162181 -2.944749356618441e-05 -0.2237274585837818 -2.9447493566184557e-05 -2.944749356618441e-05 0.2862725414162181 -2.944749356618441e-05 -0.2237274585837818 -0.2237274585837818 -2.944749356618441e-05 1.2762725414162182 -2.9447493566184557e-05 -2.9447493566184557e-05 -0.2237274585837818 -2.9447493566184557e-05 1.2762725414162182 0.000293265055173
0.024861878453038697 1.0248618784530388 0.024861878453038697 0.024861878453038697 0.28624309392265185 0.0 -0.22375690607734797 0.0 0.0 0.28624309392265185 0.0 -0.22375690607734797 -0.22375690607734797 0.0 1.276243093922652 0.0 0.0 -0.22375690607734797 0.0 1.276243093922652 0.000321086126783
0 0 0 0 10.0 0 9.0 0 0 10.0 0 9.0 9.0 0 10.0 0 0 9.0 0 10.0 1
0 9 0 9 10.0 0 9.0 0 0 10.0 0 9.0 9.0 0 10.0 0 0 9.0 0 10.0 1
9 0 9 0 10.0 0 9.0 0 0 10.0 0 9.0 9.0 0 10.0 0 0 9.0 0 10.0 1
9 9 9 9 10.0 0 9.0 0 0 10.0 0 9.0 9.0 0 10.0 0 0 9.0 0 10.0 1
4.5 4.5 4.5 4.5 10.0 0 9.0 0 0 10.0 0 9.0 9.0 0 10.0 0 0 9.0 0 10.0 1
20 3
0.002839308942777028 1.0028082297918757 0.002992781008223704 1.001475508590664 0.019960449722156312 -2.7284479539146872e-08 4.518434224010036e-05 -2.744181232913009e-05 -2.7284479539146872e-08 0.019959729952321648 -4.147274336195921e-07 3.747014608463735e-05 4.518434224010036e-05 -4.147274336195921e-07 1.0102834266996132 -0.00017564745168471783 -2.744181232913009e-05 3.747014608463736e-05 -0.00017564745168471783 1.0124494634219723 7.71176599624e-06
0.01850696584989894 1.0152234481099323 0.988249779754458 -0.009204911457426676 0.19506048009103444 -5.5010344017663826e-05 -0.16470613247832586 4.062146021365956e-05 -5.5010344017663826e-05 0.19506973352137846 3.874704944810159e-05 -0.16471012683398073 -0.16470613247832586 3.87470494481016e-05 1.2382830687915518 -2.64891098698028e-05 4.062146021365956e-05 -0.16471012683398073 -2.6489109869802797e-05 1.2383062450885007 7.74664258309e-07
0.014900048994900432 1.0243458755552712 -0.006725558162941106 -1.0133550226175552 0.19515223373780863 2.9168235856221946e-05 -0.16475069964639177 -7.688331860301302e-06 2.9168235856221946e-05 0.19506374551817385 -1.7671180329587465e-05 -0.16470601063195225 -0.16475069964639177 -1.7671180329587465e-05 1.238362701630028 4.2891484444703814e-05 -7.688331860301302e-06 -0.16470601063195225 4.2891484444703814e-05 1.238320648235244 6.40211204104e-07
0.013610323121590854 1.0074911141097675 -0.054565073521738124 0.05044684667126063 0.19514798072086256 4.206909408430586e-05 -0.16435340022216624 0.0009992050453454466 4.206909408430585e-05 0.19509639292575784 0.0001720467374977762 -0.16474295461981844 -0.16435340022216624 0.0001720467374977762 1.2853323673250068 0.0018776729569103118 0.0009992050453454466 -0.16474295461981844 0.0018776729569103118 1.286817466590256 5.72269250404e-07
0.0 1.0 0.0 0.0 0.28624309392265185 0.0 -0.22375690607734797 0.0 0.0 0.28624309392265185 0.0 -0.22375690607734797 -0.22375690607734797 0.0 1.276243093922652 0.0 0.0 -0.22375690607734797 0.0 1.276243093922652 0.000316628698882
0.0 1.0497237569060773 0.0 0.04972375690607739 0.28624309392265185 0.0 -0.22375690607734797 0.0 0.0 0.28624309392265185 0.0 -0.22375690607734797 -0.22375690607734797 0.0 1.276243093922652 0.0 0.0 -0.22375690607734797 0.0 1.276243093922652 0.000316628698882
0.04972375690607739 1.0 0.04972375690607739 0.0 0.28624309392265185 0.0 -0.22375690607734797 0.0 0.0 0.28624309392265185 0.0 -0.22375690607734797 -0.22375690607734797 0.0 1.276243093922652 0.0 0.0 -0.22375690607734797 0.0 1.276243093922652 0.000316628698882
0.04972375690607739 1.0248618784530388 0.04972375690607739 0.024861878453038694 0.28624309392265185 0.0 -0.22375690607734797 0.0 0.0 0.28624309392265185 0.0 -0.22375690607734797 -0.22375690607734797 0.0 1.276243093922652 0.0 0.0 -0.22375690607734797 0.0 1.276243093922652 3.75679330876e-05
0.04972375690607739 1.0248618784530388 0.04972375690607739 0.024861878453038694 0.28624309392265185 0.0 -0.22375690607734797 0.0 0.0 0.28624309392265185 0.0 -0.22375690607734797 -0.22375690607734797 0.0 1.276243093922652 0.0 0.0 -0.22375690607734797 0.0 1.276243093922652 3.75679330876e-05
0.04972375690607739 1.0497237569060773 0.04972375690607739 0.04972375690607739 0.28624309392265185 0.0 -0.22375690607734797 0.0 0.0 0.28624309392265185 0.0 -0.22375690607734797 -0.22375690607734797 0.0 1.276243093922652 0.0 0.0 -0.22375690607734797 0.0 1.276243093922652 0.000316628698882
0.013148991012852794 1.013148991012853 0.013148991012852794 0.013148991012852794 0.2862515043824014 8.410459749548005e-06 -0.22374849561759844 8.410459749548042e-06 8.410459749548005e-06 0.2862515043824014 8.410459749548005e-06 -0.22374849561759844 -0.22374849561759844 8.410459749548005e-06 1.2762515043824019 8.410459749548042e-06 8.410459749548042e-06 -0.22374849561759844 8.410459749548042e-06 1.2762515043824019 0.000231501472699
0.009246074989611042 1.0341079534426498 0.009246074989611042 0.03410795344264973 0.2862725414162181 2.944749356618413e-05 -0.2237274585837818 2.9447493566184526e-05 2.944749356618413e-05 0.2862725414162181 2.944749356618413e-05 -0.2237274585837818 -0.2237274585837818 2.944749356618413e-05 1.2762725414162182 2.9447493566184526e-05 2.9447493566184526e-05 -0.2237274585837818 2.9447493566184526e-05 1.2762725414162182 0.000293265055173
0.03410795344264973 1.009246074989611 0.03410795344264973 0.009246074989611042 0.2862725414162181 2.9447493566184523e-05 -0.2237274585837818 2.9447493566184526e-05 2.9447493566184523e-05 0.2862725414162181 2.9447493566184523e-05 -0.2237274585837818 -0.2237274585837818 2.9447493566184523e-05 1.2762725414162182 2.9447493566184526e-05 2.9447493566184526e-05 -0.2237274585837818 2.9447493566184526e-05 1.2762725414162182 0.000293265055173
0.03410795344264973 1.0404776819164665 0.03410795344264973 0.04047768191646634 0.2862725414162181 -2.944749356618441e-05 -0.2237274585837818 -2.9447493566184557e-05 -2.944749356618441e-05 0.2862725414162181 -2.944749356618441e-05 -0.2237274585837818 -0.2237274585837818 -2.944749356618441e-05 1.2762725414162182 -2.9447493566184557e-05 -2.9447493566184557e-05 -0.2237274585837818 -2.9447493566184557e-05 1.2762725414162182 0.000293265055173
0.024861878453038697 1.0248618784530388 0.024861878453038697 0.024861878453038697 0.28624309392265185 0.0 -0.22375690607734797 0.0 0.0 0.28624309392265185 0.0 -0.22375690607734797 -0.22375690607734797 0.0 1.276243093922652 0.0 0.0 -0.22375690607734797 0.0 1.276243093922652 0.000321086126783
0 0 0 0 10.0 0 9.0 0 0 10.0 0 9.0 9.0 0 10.0 0 0 9.0 0 10.0 1
0 9 0 9 10.0 0 9.0 0 0 10.0 0 9.0 9.0 0 10.0 0 0 9.0 0 10.0 1
9 0 9 0 10.0 0 9.0 0 0 10.0 0 9.0 9.0 0 10.0 0 0 9.0 0 10.0 1
9 9 9 9 10.0 0 9.0 0 0 10.0 0 9.0 9.0 0 10.0 0 0 9.0 0 10.0 1
4.5 4.5 4.5 4.5 10.0 0 9.0 0 0 10.0 0 9.0 9.0 0 10.0 0 0 9.0 0 10.0 1
20 0
1.000452427475232 0.0004532160037481003 -0.9960857753247192 -0.0005369698329964474 0.019946936940380754 3.857858866062272e-09 5.0600986146042494e-05 -1.1435862885712343e-06 3.857858866062272e-09 0.019946938678158624 4.415063927009943e-06 4.5376292351618446e-05 5.0600986146042494e-05 4.415063927009943e-06 1.0148470943405141 -0.0009833730807529252 -1.1435862885712343e-06 4.5376292351618446e-05 -0.0009833730807529252 1.0109338968928785 1.42850551556e-06
1.0033542155498385 0.003354033471482744 0.003354096284217876 1.0033540461544532 0.019951360546200614 -1.5603996929107587e-06 5.039249506500826e-05 -1.5604244653204171e-06 -1.5603996929107587e-06 0.019951361198213884 -1.5600512205201775e-06 5.039303948807382e-05 5.039249506500826e-05 -1.5600512205201775e-06 1.009951389038115 -1.5600869346619327e-06 -1.5604244653204171e-06 5.039303948807382e-05 -1.5600869346619327e-06 1.0099513894049612 6.27642221411e-06
1.6459048541621608 0.01557650349402611 -0.4981900720732786 -1.0037515848829046 0.19512204657971238 9.699092590557368e-05 -0.164672985763772 2.8868312572156667e-06 9.699092590557368e-05 0.1951247817694757 4.336428031084219e-05 -0.16466853475544382 -0.164672985763772 4.336428031084219e-05 1.2383504018442222 6.948507717059626e-06 2.886831257215665e-06 -0.16466853475544382 6.9485077170596264e-06 1.2382905385313525 1.92359043509e-07
1.663234772775865 0.009415281217061928 -0.5069523774892977 0.11751245154987011 0.1932579299898902 -7.067664921876479e-05 -0.1609668146142913 -0.0017024779860241228 -7.067664921876479e-05 0.1913796520960928 -5.944290329893111e-05 -0.16170919147384386 -0.1609668146142913 -5.944290329893111e-05 1.2402949622559216 0.0033891559129119375 -0.0017024779860241228 -0.16170919147384386 0.0033891559129119375 1.3669078863945319 2.68223797062e-07
1.6469928245330072 0.017719642215457073 0.4953233065638534 -0.009014945784928754 0.19513136141621054 2.8057812007254675e-05 -0.16478487137659506 -3.615363298074866e-05 2.8057812007254675e-05 0.19528009551138298 -0.00018862973676364773 -0.1649358281692964 -0.16478487137659506 -0.00018862973676364773 1.238802889175289 0.0003069604810852035 -3.615363298074866e-05 -0.1649358281692964 0.0003069604810852035 1.2386639933016126 1.34360986069e-06
1.0 0.0 0.0 0.0 0.28624309392265185 0.0 -0.22375690607734797 0.0 0.0 0.28624309392265185 0.0 -0.22375690607734797 -0.22375690607734797 0.0 1.276243093922652 0.0 0.0 -0.22375690607734797 0.0 1.276243093922652 0.000316628698882
1.0 0.04972375690607739 0.0 0.04972375690607739 0.28624309392265185 0.0 -0.22375690607734797 0.0 0.0 0.28624309392265185 0.0 -0.22375690607734797 -0.22375690607734797 0.0 1.276243093922652 0.0 0.0 -0.22375690607734797 0.0 1.276243093922652 0.000316628698882
1.0497237569060773 0.0 0.04972375690607739 0.0 0.28624309392265185 0.0 -0.22375690607734797 0.0 0.0 0.28624309392265185 0.0 -0.22375690607734797 -0.22375690607734797 0.0 1.276243093922652 0.0 0.0 -0.22375690607734797 0.0 1.276243093922652 0.000316628698882
1.0497237569060773 0.024861878453038694 0.04972375690607739 0.024861878453038694 0.28624309392265185 0.0 -0.22375690607734797 0.0 0.0 0.28624309392265185 0.0 -0.22375690607734797 -0.22375690607734797 0.0 1.276243093922652 0.0 0.0 -0.22375690607734797 0.0 1.276243093922652 3.75679330876e-05
1.0497237569060773 0.04972375690607739 0.04972375690607739 0.04972375690607739 0.28624309392265185 0.0 -0.22375690607734797 0.0 0.0 0.28624309392265185 0.0 -0.22375690607734797 -0.22375690607734797 0.0 1.276243093922652 0.0 0.0 -0.22375690607734797 0.0 1.276243093922652 0.000316628698882
1.013148991012853 0.013148991012852794 0.013148991012852794 0.013148991012852794 0.2862515043824014 8.410459749548005e-06 -0.22374849561759844 8.410459749548005e-06 8.410459749548005e-06 0.2862515043824014 8.410459749548042e-06 -0.22374849561759844 -0.22374849561759844 8.410459749548042e-06 1.2762515043824019 8.410459749548042e-06 8.410459749548005e-06 -0.22374849561759844 8.410459749548042e-06 1.2762515043824019 0.000231501472699
1.009246074989611 0.03410795344264973 0.009246074989611042 0.03410795344264973 0.2862725414162181 2.9447493566184523e-05 -0.2237274585837818 2.9447493566184523e-05 2.9447493566184523e-05 0.2862725414162181 2.9447493566184526e-05 -0.2237274585837818 -0.2237274585837818 2.9447493566184526e-05 1.2762725414162182 2.9447493566184526e-05 2.9447493566184523e-05 -0.2237274585837818 2.9447493566184526e-05 1.2762725414162182 0.000293265055173
1.03588121511981 0.011019336666771372 0.03588121511981006 0.011019336666771372 0.28629374393776186 5.0650015109991123e-05 -0.22370625606223798 5.0650015109991123e-05 5.0650015109991123e-05 0.28629374393776186 5.065001510999171e-05 -0.22370625606223798 -0.22370625606223798 5.065001510999171e-05 1.2762937439377622 5.065001510999171e-05 5.0650015109991123e-05 -0.22370625606223798 5.065001510999171e-05 1.2762937439377622 0.000330832988261
1.0341079534426498 0.04047768191646634 0.03410795344264973 0.04047768191646634 0.2862725414162181 -2.944749356618417e-05 -0.2237274585837818 -2.944749356618417e-05 -2.944749356618417e-05 0.2862725414162181 -2.9447493566184557e-05 -0.2237274585837818 -0.2237274585837818 -2.9447493566184557e-05 1.2762725414162182 -2.9447493566184557e-05 -2.944749356618417e-05 -0.2237274585837818 -2.9447493566184557e-05 1.2762725414162182 0.000293265055173
1.0248618784530388 0.024861878453038697 0.024861878453038697 0.024861878453038697 0.28624309392265185 0.0 -0.22375690607734797 0.0 0.0 0.28624309392265185 0.0 -0.22375690607734797 -0.22375690607734797 0.0 1.276243093922652 0.0 0.0 -0.22375690607734797 0.0 1.276243093922652 0.000321086126783
0 0 0 0 10.0 0 9.0 0 0 10.0 0 9.0 9.0 0 10.0 0 0 9.0 0 10.0 1
0 9 0 9 10.0 0 9.0 0 0 10.0 0 9.0 9.0 0 10.0 0 0 9.0 0 10.0 1
9 0 9 0 10.0 0 9.0 0 0 10.0 0 9.0 9.0 0 10.0 0 0 9.0 0 10.0 1
9 9 9 9 10.0 0 9.0 0 0 10.0 0 9.0 9.0 0 10.0 0 0 9.0 0 10.0 1
4.5 4.5 4.5 4.5 10.0 0 9.0 0 0 10.0 0 9.0 9.0 0 10.0 0 0 9.0 0 10.0 1
