20 1
1.0239973163206775 0.024138176441895025 0.024108369764937673 0.02475347731845993 0.019931236727636546 -9.123514837437457e-07 0.0008119944776459941 -6.263724209995889e-06 -9.123514837437457e-07 0.019944461114729875 1.2539255999417094e-05 0.0008951164208409788 0.0008119944776459941 1.2539255999417094e-05 1.0102545339609472 -1.4436667402970785e-05 -6.263724209995889e-06 0.0008951164208409788 -1.4436667402970785e-05 1.0107852606752825 8.72035672595e-06
1.0273996856938703 0.03778550204853286 -0.9992476117782138 -0.03036964484580596 0.08160679767293219 0.0005400594581481407 -0.05791362959253854 5.34791263642551e-05 0.0005400594581481407 0.08323173758788399 0.00011146424211250038 -0.06126926709735028 -0.05791362959253854 0.00011146424211250038 1.1404769246494886 -1.3374644641216788e-05 5.34791263642551e-05 -0.06126926709735028 -1.3374644641216788e-05 1.1434368843622964 1.3693579542e-06
1.1620209125808516 0.11918353707427372 -0.06936436579237136 0.9126521782455985 0.08191485857589977 0.0004981142558425921 -0.06075181365688856 -1.2864903368203394e-05 0.0004981142558425921 0.08793159519013499 -0.003793013373622918 -0.06502744555341328 -0.06075181365688856 -0.003793013373622918 1.144810395893623 0.0026598667999658734 -1.2864903368203394e-05 -0.06502744555341328 0.0026598667999658734 1.146083856457819 2.34930685243e-06
1.0004932180312198 4.1417047150111017e-07 0.0004948319221284211 1.6187044197409689e-06 0.08107246910227296 2.210937677721207e-09 -0.019840184786301562 1.1487986993762318e-09 2.210937677721207e-09 0.08106076123798617 7.2216058426064225e-09 -0.019851912145569618 -0.019840184786301562 7.2216058426064225e-09 1.0710797389092148 3.034767842486877e-08 1.1487986993762318e-09 -0.019851912145569618 3.034767842486877e-08 1.071068055770346 0.0010685249631
1.0106024141700922 0.013656345937724553 0.010602414170092165 -0.9863436540622753 0.08107720398196468 -1.6189524723820194e-05 -0.019831886927126206 -1.61895247238201e-05 -1.6189524723820194e-05 0.08107720398196468 -1.618952472382014e-05 -0.019831886927126206 -0.019831886927126206 -1.618952472382014e-05 1.0710772039819647 -1.618952472382005e-05 -1.61895247238201e-05 -0.019831886927126206 -1.618952472382005e-05 1.0710772039819647 0.000172457983862
1.0 0.2668463611859838 0.0 0.26684636118598387 0.08106101445724086 0.0 -0.01984807645185003 0.0 0.0 0.08106101445724086 0.0 -0.01984807645185003 -0.01984807645185003 0.0 1.0710610144572408 0.0 0.0 -0.01984807645185003 0.0 1.0710610144572408 0.00104670644259
1.0242587601078168 0.2668463611859838 1.0242587601078168 0.26684636118598387 0.08106101445724086 0.0 -0.01984807645185003 0.0 0.0 0.08106101445724086 0.0 -0.01984807645185003 -0.01984807645185003 0.0 1.0710610144572408 0.0 0.0 -0.01984807645185003 0.0 1.0710610144572408 2.17107104056e-05
1.0105945009299961 0.2531516955245551 0.010594222059647126 -0.7448742484177718 0.08106741876485346 1.581297172002234e-05 -0.01998666397562276 -4.989731084264615e-06 1.581297172002234e-05 0.08106685037615408 1.5824956156650576e-05 -0.019992541795918826 -0.01998666397562276 1.5824956156650576e-05 1.0713616078955248 -5.167735843009399e-06 -4.989731084264615e-06 -0.019992541795918826 -5.167735843009399e-06 1.0722971034277522 0.000173620593768
1.2663534124215208 0.0 1.2663534124215208 0.0 0.08107272978457905 0.0 -0.01983636112451186 0.0 0.0 0.08106101445724087 0.0 -0.019848076451850032 -0.01983636112451186 0.0 1.071072729784579 0.0 0.0 -0.019848076451850032 0.0 1.0710610144572408 0.00106841715299
1.2561729986795922 0.014278566383910797 0.25617299867959226 -0.9857214336160893 0.08107808373445105 7.652303695217829e-06 -0.019831007174639852 7.652303695217964e-06 7.652303695217829e-06 0.0812131653895568 7.652303695217214e-06 -0.019695925519534127 -0.019831007174639852 7.652303695217214e-06 1.0710780837344513 7.652303695217355e-06 7.652303695217964e-06 -0.019695925519534127 7.652303695217355e-06 1.071213165389557 0.000173358627877
1.2665457858774734 0.24238910006532208 0.26403818179036836 0.24011883988450716 0.0810913392710982 1.8392292438934398e-06 -0.020039228546452764 0.00014906747038674167 1.8392292438934398e-06 0.08105106782897972 9.072394023536665e-05 -0.020045463630857525 -0.020039228546452764 9.072394023536665e-05 1.0727927216764377 0.0009624602051333098 0.00014906747038674167 -0.020045463630857525 0.0009624602051333098 1.0724893824170831 2.18597369925e-05
1.264914590674761 0.2653465872980818 1.2649145906747612 0.2653465872980818 0.08108595374986664 1.529410851114047e-05 -0.019823137159224236 1.529410851114047e-05 1.529410851114047e-05 0.0810769564630073 1.5294108511140147e-05 -0.019832134446083567 -0.019823137159224236 1.5294108511140147e-05 1.0710859537498667 1.5294108511140147e-05 1.529410851114047e-05 -0.019832134446083567 1.5294108511140147e-05 1.0710769564630074 0.00121916442645
1.1210265991845665 0.12119992626343068 0.12086510519434707 0.12026690929790795 0.0810616780923065 3.831090195174619e-06 -0.0200280080770439 5.257048611102577e-05 3.831090195174619e-06 0.08104981167800028 8.197627575218387e-06 -0.020031635753147682 -0.0200280080770439 8.197627575218387e-06 1.071462044115062 8.197770170806262e-05 5.257048611102577e-05 -0.020031635753147682 8.197770170806262e-05 1.0716260896398146 0.000151549320675
1.1212878548252558 0.1455475134475191 1.121288717764061 0.14552490330172413 0.08106097289171078 2.3589796862176226e-07 -0.019852600853043696 1.31020380605575e-06 2.3589796862176226e-07 0.08106089631207139 2.0375507811044648e-07 -0.019851731791581555 -0.019852600853043696 2.0375507811044648e-07 1.0710699040639526 1.1187633071938248e-06 1.31020380605575e-06 -0.019851731791581555 1.1187633071938248e-06 1.0710757867964038 0.000150766212548
1.1360982653737037 0.13338671097219618 1.1360982703272522 0.13338671592574472 0.0810907290115879 4.079102276046969e-06 -0.019818367802711796 4.078455148366625e-06 4.079102276046969e-06 0.08109788376013866 4.0784685801828955e-06 -0.01981121304072923 -0.019818367802711796 4.0784685801828955e-06 1.0710907385463841 4.077986375172868e-06 4.078455148366625e-06 -0.01981121304072923 4.077986375172868e-06 1.0710978933217983 0.00134865151208
0 0 0 0 1.0 0 0.9 0 0 1.0 0 0.9 0.9 0 1.0 0 0 0.9 0 1.0 1
0 9 0 9 1.0 0 0.9 0 0 1.0 0 0.9 0.9 0 1.0 0 0 0.9 0 1.0 1
9 0 9 0 1.0 0 0.9 0 0 1.0 0 0.9 0.9 0 1.0 0 0 0.9 0 1.0 1
9 9 9 9 1.0 0 0.9 0 0 1.0 0 0.9 0.9 0 1.0 0 0 0.9 0 1.0 1
4.5 4.5 4.5 4.5 1.0 0 0.9 0 0 1.0 0 0.9 0.9 0 1.0 0 0 0.9 0 1.0 1
20 2
0.023998797161090095 1.0241396815431507 0.02392462532975724 0.02496552167667173 0.019922823002773087 -9.102440954824642e-07 0.0008325621912760115 -1.0193901410542904e-05 -9.102440954824642e-07 0.019936142480754176 -8.729027179353005e-06 0.0009322069541160311 0.0008325621912760115 -8.729027179353005e-06 1.0099887126772387 -1.4610214154017511e-05 -1.0193901410542904e-05 0.0009322069541160311 -1.4610214154017511e-05 1.010867199524946 8.71218258784e-06
0.08263415070159746 1.8460981624406807 -0.015844254417937995 0.3073823424853725 0.08561697791650483 0.000617635326942294 -0.059195744031462876 -0.0005798248541924718 0.000617635326942294 0.08002013939556393 -0.0003059204493167726 -0.05903444144380232 -0.059195744031462876 -0.0003059204493167726 1.1406736510403868 0.00039606003856850467 -0.0005798248541924718 -0.05903444144380233 0.00039606003856850467 1.1414064171976066 1.40178012114e-06
0.11961274474711275 1.9800373587002 0.2731339626698674 -0.7879512288694654 0.08534091873907651 0.003671020865220614 -0.09619228535225813 -0.0020736720906007907 0.003671020865220614 0.08848506977214411 -0.022231981016252456 -0.06610541850399737 -0.09619228535225813 -0.022231981016252456 1.3748998622465285 0.013233068082239884 -0.0020736720906007907 -0.06610541850399737 0.013233068082239884 1.1475503468873318 1.15571733949e-06
0.06940466819593048 1.9923252166307945 -0.9903973625096966 -0.8250116112722023 0.08251726655139044 -0.001882622504967596 -0.059534832812034304 0.002743899959578299 -0.001882622504967596 0.08312766328568529 -0.0006277100631934221 -0.06308382992853771 -0.059534832812034304 -0.0006277100631934221 1.143143015657095 0.0017558242146769954 0.002743899959578299 -0.06308382992853771 0.0017558242146769954 1.1477940779393736 1.81497192719e-06
0.0 1.0004929487644634 0.0 0.0004929487644633017 0.08106101445724087 0.0 -0.019848076451850032 0.0 0.0 0.08107272978457905 0.0 -0.01983636112451186 -0.019848076451850032 0.0 1.0710610144572408 0.0 0.0 -0.01983636112451186 0.0 1.071072729784579 0.00106841715299
0.013683958841613945 1.0106379807270867 1.013683958841614 0.01063798072708655 0.08107745381897351 -1.5771251489689376e-05 -0.019831637090117392 -1.5771251489689264e-05 -1.5771251489689376e-05 0.08107764626222864 -1.5771251489689366e-05 -0.01983144464686225 -0.019831637090117392 -1.5771251489689366e-05 1.0710774538189736 -1.577125148968926e-05 -1.5771251489689264e-05 -0.01983144464686225 -1.577125148968926e-05 1.0710776462622287 0.00017290830587
0.0 1.266846361185984 0.0 0.26684636118598387 0.08106101445724086 0.0 -0.01984807645185003 0.0 0.0 0.08106101445724086 0.0 -0.01984807645185003 -0.01984807645185003 0.0 1.0710610144572408 0.0 0.0 -0.01984807645185003 0.0 1.0710610144572408 0.00104670644259
0.01215744579423592 1.254688915391748 0.012157445794235923 -0.7453110846082521 0.08109417842678189 3.248470485072662e-05 -0.01981491248230901 3.248470485072673e-05 3.248470485072662e-05 0.08109417842678188 3.2484704850726636e-05 -0.019814912482309013 -0.01981491248230901 3.2484704850726636e-05 1.0710941784267818 3.2484704850726745e-05 3.248470485072673e-05 -0.019814912482309013 3.2484704850726745e-05 1.071094178426782 0.000194619016275
0.2663433997042095 1.0000102204003793 1.2663433997042095 1.02204003795462e-05 0.08107296270891855 -2.4279377329406437e-07 -0.01983612820017234 -2.4279377329402774e-07 -2.4279377329406437e-07 0.08106126228702529 -2.4279377329406495e-07 -0.0198478286220656 -0.01983612820017234 -2.4279377329406495e-07 1.0710729627089184 -2.427937732940283e-07 -2.4279377329402774e-07 -0.0198478286220656 -2.427937732940283e-07 1.0710612622870253 0.001068867475
0.2668463611859838 1.0242587601078168 0.26684636118598387 -0.9757412398921833 0.08106101445724086 0.0 -0.01984807645185003 0.0 0.0 0.08106101445724086 0.0 -0.01984807645185003 -0.01984807645185003 0.0 1.0710610144572408 0.0 0.0 -0.01984807645185003 0.0 1.0710610144572408 2.17107104056e-05
0.2547169811320754 1.0121293800539084 0.25471698113207547 0.012129380053908363 0.08106101445724086 0.0 -0.01984807645185003 0.0 0.0 0.08106101445724086 0.0 -0.01984807645185003 -0.01984807645185003 0.0 1.0710610144572408 0.0 0.0 -0.01984807645185003 0.0 1.0710610144572408 0.000150747273457
0.2668463611859838 1.2425876010781671 0.26684636118598387 -0.7574123989218329 0.08106101445724086 0.0 -0.01984807645185003 0.0 0.0 0.08106101445724086 0.0 -0.01984807645185003 -0.01984807645185003 0.0 1.0710610144572408 0.0 0.0 -0.01984807645185003 0.0 1.0710610144572408 2.17107104056e-05
0.2649145906747609 1.265346587298082 0.2649145906747609 0.2653465872980818 0.08108595374986664 1.5294108511140482e-05 -0.01982313715922424 1.5294108511140157e-05 1.5294108511140482e-05 0.0810769564630073 1.5294108511140482e-05 -0.019832134446083567 -0.01982313715922424 1.5294108511140482e-05 1.0710859537498667 1.5294108511140157e-05 1.5294108511140157e-05 -0.019832134446083567 1.5294108511140157e-05 1.0710769564630074 0.00121916442645
0.1456972791656976 1.1335859889266389 1.1456972791656979 0.13358598892663895 0.08107503628111384 1.5774551857093038e-05 -0.01983405462797706 1.5774551857093035e-05 1.5774551857093038e-05 0.08122566327033283 1.577455185709388e-05 -0.019683427638758067 -0.01983405462797706 1.577455185709388e-05 1.071075036281114 1.5774551857093878e-05 1.5774551857093035e-05 -0.019683427638758067 1.5774551857093878e-05 1.0712256632703328 0.000301944868921
0.13071072008289372 1.1334231805929917 1.1307107200828934 0.1334231805929919 0.0810865574796302 -1.9651164376299768e-19 -0.01982253342946067 0.0 -1.9651164376299768e-19 0.08109391492164904 5.929230630780102e-20 -0.019815175987441827 -0.01982253342946067 5.929230630780102e-20 1.0710865574796302 2.608861477543245e-19 0.0 -0.019815175987441827 2.608861477543245e-19 1.0710939149216492 0.0013482009895
0 0 0 0 1.0 0 0.9 0 0 1.0 0 0.9 0.9 0 1.0 0 0 0.9 0 1.0 1
0 9 0 9 1.0 0 0.9 0 0 1.0 0 0.9 0.9 0 1.0 0 0 0.9 0 1.0 1
9 0 9 0 1.0 0 0.9 0 0 1.0 0 0.9 0.9 0 1.0 0 0 0.9 0 1.0 1
9 9 9 9 1.0 0 0.9 0 0 1.0 0 0.9 0.9 0 1.0 0 0 0.9 0 1.0 1
4.5 4.5 4.5 4.5 1.0 0 0.9 0 0 1.0 0 0.9 0.9 0 1.0 0 0 0.9 0 1.0 1
20 1
1.0239973163206775 0.024138176441895025 0.024108369764937673 0.02475347731845993 0.019931236727636546 -9.123514837437457e-07 0.0008119944776459941 -6.263724209995889e-06 -9.123514837437457e-07 0.019944461114729875 1.2539255999417094e-05 0.0008951164208409788 0.0008119944776459941 1.2539255999417094e-05 1.0102545339609472 -1.4436667402970785e-05 -6.263724209995889e-06 0.0008951164208409788 -1.4436667402970785e-05 1.0107852606752825 8.72035672595e-06
1.0273996856938703 0.03778550204853286 -0.9992476117782138 -0.03036964484580596 0.08160679767293219 0.0005400594581481407 -0.05791362959253854 5.34791263642551e-05 0.0005400594581481407 0.08323173758788399 0.00011146424211250038 -0.06126926709735028 -0.05791362959253854 0.00011146424211250038 1.1404769246494886 -1.3374644641216788e-05 5.34791263642551e-05 -0.06126926709735028 -1.3374644641216788e-05 1.1434368843622964 1.3693579542e-06
1.1620209125808516 0.11918353707427372 -0.06936436579237136 0.9126521782455985 0.08191485857589977 0.0004981142558425921 -0.06075181365688856 -1.2864903368203394e-05 0.0004981142558425921 0.08793159519013499 -0.003793013373622918 -0.06502744555341328 -0.06075181365688856 -0.003793013373622918 1.144810395893623 0.0026598667999658734 -1.2864903368203394e-05 -0.06502744555341328 0.0026598667999658734 1.146083856457819 2.34930685243e-06
1.0004932180312198 4.1417047150111017e-07 0.0004948319221284211 1.6187044197409689e-06 0.08107246910227296 2.210937677721207e-09 -0.019840184786301562 1.1487986993762318e-09 2.210937677721207e-09 0.08106076123798617 7.2216058426064225e-09 -0.019851912145569618 -0.019840184786301562 7.2216058426064225e-09 1.0710797389092148 3.034767842486877e-08 1.1487986993762318e-09 -0.019851912145569618 3.034767842486877e-08 1.071068055770346 0.0010685249631
1.0106024141700922 0.013656345937724553 0.010602414170092165 -0.9863436540622753 0.08107720398196468 -1.6189524723820194e-05 -0.019831886927126206 -1.61895247238201e-05 -1.6189524723820194e-05 0.08107720398196468 -1.618952472382014e-05 -0.019831886927126206 -0.019831886927126206 -1.618952472382014e-05 1.0710772039819647 -1.618952472382005e-05 -1.61895247238201e-05 -0.019831886927126206 -1.618952472382005e-05 1.0710772039819647 0.000172457983862
1.0 0.2668463611859838 0.0 0.26684636118598387 0.08106101445724086 0.0 -0.01984807645185003 0.0 0.0 0.08106101445724086 0.0 -0.01984807645185003 -0.01984807645185003 0.0 1.0710610144572408 0.0 0.0 -0.01984807645185003 0.0 1.0710610144572408 0.00104670644259
1.0242587601078168 0.2668463611859838 1.0242587601078168 0.26684636118598387 0.08106101445724086 0.0 -0.01984807645185003 0.0 0.0 0.08106101445724086 0.0 -0.01984807645185003 -0.01984807645185003 0.0 1.0710610144572408 0.0 0.0 -0.01984807645185003 0.0 1.0710610144572408 2.17107104056e-05
1.0105945009299961 0.2531516955245551 0.010594222059647126 -0.7448742484177718 0.08106741876485346 1.581297172002234e-05 -0.01998666397562276 -4.989731084264615e-06 1.581297172002234e-05 0.08106685037615408 1.5824956156650576e-05 -0.019992541795918826 -0.01998666397562276 1.5824956156650576e-05 1.0713616078955248 -5.167735843009399e-06 -4.989731084264615e-06 -0.019992541795918826 -5.167735843009399e-06 1.0722971034277522 0.000173620593768
1.2663534124215208 0.0 1.2663534124215208 0.0 0.08107272978457905 0.0 -0.01983636112451186 0.0 0.0 0.08106101445724087 0.0 -0.019848076451850032 -0.01983636112451186 0.0 1.071072729784579 0.0 0.0 -0.019848076451850032 0.0 1.0710610144572408 0.00106841715299
1.2561729986795922 0.014278566383910797 0.25617299867959226 -0.9857214336160893 0.08107808373445105 7.652303695217829e-06 -0.019831007174639852 7.652303695217964e-06 7.652303695217829e-06 0.0812131653895568 7.652303695217214e-06 -0.019695925519534127 -0.019831007174639852 7.652303695217214e-06 1.0710780837344513 7.652303695217355e-06 7.652303695217964e-06 -0.019695925519534127 7.652303695217355e-06 1.071213165389557 0.000173358627877
1.2665457858774734 0.24238910006532208 0.26403818179036836 0.24011883988450716 0.0810913392710982 1.8392292438934398e-06 -0.020039228546452764 0.00014906747038674167 1.8392292438934398e-06 0.08105106782897972 9.072394023536665e-05 -0.020045463630857525 -0.020039228546452764 9.072394023536665e-05 1.0727927216764377 0.0009624602051333098 0.00014906747038674167 -0.020045463630857525 0.0009624602051333098 1.0724893824170831 2.18597369925e-05
1.264914590674761 0.2653465872980818 1.2649145906747612 0.2653465872980818 0.08108595374986664 1.529410851114047e-05 -0.019823137159224236 1.529410851114047e-05 1.529410851114047e-05 0.0810769564630073 1.5294108511140147e-05 -0.019832134446083567 -0.019823137159224236 1.5294108511140147e-05 1.0710859537498667 1.5294108511140147e-05 1.529410851114047e-05 -0.019832134446083567 1.5294108511140147e-05 1.0710769564630074 0.00121916442645
1.1210265991845665 0.12119992626343068 0.12086510519434707 0.12026690929790795 0.0810616780923065 3.831090195174619e-06 -0.0200280080770439 5.257048611102577e-05 3.831090195174619e-06 0.08104981167800028 8.197627575218387e-06 -0.020031635753147682 -0.0200280080770439 8.197627575218387e-06 1.071462044115062 8.197770170806262e-05 5.257048611102577e-05 -0.020031635753147682 8.197770170806262e-05 1.0716260896398146 0.000151549320675
1.1212878548252558 0.1455475134475191 1.121288717764061 0.14552490330172413 0.08106097289171078 2.3589796862176226e-07 -0.019852600853043696 1.31020380605575e-06 2.3589796862176226e-07 0.08106089631207139 2.0375507811044648e-07 -0.019851731791581555 -0.019852600853043696 2.0375507811044648e-07 1.0710699040639526 1.1187633071938248e-06 1.31020380605575e-06 -0.019851731791581555 1.1187633071938248e-06 1.0710757867964038 0.000150766212548
1.1360982653737037 0.13338671097219618 1.1360982703272522 0.13338671592574472 0.0810907290115879 4.079102276046969e-06 -0.019818367802711796 4.078455148366625e-06 4.079102276046969e-06 0.08109788376013866 4.0784685801828955e-06 -0.01981121304072923 -0.019818367802711796 4.0784685801828955e-06 1.0710907385463841 4.077986375172868e-06 4.078455148366625e-06 -0.01981121304072923 4.077986375172868e-06 1.0710978933217983 0.00134865151208
0 0 0 0 1.0 0 0.9 0 0 1.0 0 0.9 0.9 0 1.0 0 0 0.9 0 1.0 1
0 9 0 9 1.0 0 0.9 0 0 1.0 0 0.9 0.9 0 1.0 0 0 0.9 0 1.0 1
9 0 9 0 1.0 0 0.9 0 0 1.0 0 0.9 0.9 0 1.0 0 0 0.9 0 1.0 1
9 9 9 9 1.0 0 0.9 0 0 1.0 0 0.9 0.9 0 1.0 0 0 0.9 0 1.0 1
4.5 4.5 4.5 4.5 1.0 0 0.9 0 0 1.0 0 0.9 0.9 0 1.0 0 0 0.9 0 1.0 1
20 2
0.02399800769215281 1.0241409389389973 0.024102727120828484 0.024593470595875466 0.01992280798269569 -1.012997531222552e-06 0.0008217776936893879 -7.388095739245375e-07 -1.012997531222552e-06 0.01993634172404494 5.259595147108238e-06 0.0008871513849104374 0.0008217776936893879 5.259595147108238e-06 1.0106108393019098 -9.712617345788777e-06 -7.388095739245375e-07 0.0008871513849104374 -9.712617345788777e-06 1.0105108868928996 8.71223760312e-06
0.944428567398224 1.081978298843417 -1.6774660490158548 -0.06511184893433294 0.08389091615092588 0.0012925959044143328 -0.060895905242643156 -0.0007299578427506592 0.0012925959044143328 0.08638309366732243 -0.0006138417822814666 -0.06317786909393734 -0.060895905242643156 -0.0006138417822814666 1.1758599516410946 -0.0057385955940358994 -0.0007299578427506592 -0.06317786909393734 -0.0057385955940358994 1.1506721396637347 3.97586995038e-06
0.8962611036809907 1.1770533760982496 -0.6938024572770611 0.8681755215886279 0.08367518204548664 0.00018538136786968315 -0.059206176473439905 -0.00019608127041271747 0.00018538136786968315 0.08176331688238594 -0.0007063493472446689 -0.05977426369411325 -0.059206176473439905 -0.0007063493472446689 1.1418063643669891 0.001114982807103768 -0.00019608127041271747 -0.05977426369411325 0.001114982807103768 1.142421054601644 1.60568079783e-06
0.0 1.0242587601078168 0.0 -0.9757412398921833 0.08106101445724086 0.0 -0.01984807645185003 0.0 0.0 0.08106101445724086 0.0 -0.01984807645185003 -0.01984807645185003 0.0 1.0710610144572408 0.0 0.0 -0.01984807645185003 0.0 1.0710610144572408 2.17107104056e-05
0.0005029614817742561 1.0000102204003793 0.0005029614817742564 1.02204003795462e-05 0.08107296270891855 2.427937732940641e-07 -0.01983612820017234 2.4279377329402747e-07 2.427937732940641e-07 0.08106126228702529 2.4279377329406416e-07 -0.0198478286220656 -0.01983612820017234 2.4279377329406416e-07 1.0710729627089184 2.427937732940275e-07 2.4279377329402747e-07 -0.0198478286220656 2.427937732940275e-07 1.0710612622870253 0.001068867475
0.012129380053908359 1.0121293800539084 1.0121293800539084 0.012129380053908363 0.08106101445724086 0.0 -0.01984807645185003 0.0 0.0 0.08106101445724086 0.0 -0.01984807645185003 -0.01984807645185003 0.0 1.0710610144572408 0.0 0.0 -0.01984807645185003 0.0 1.0710610144572408 0.000150747273457
1.0432300030459786e-05 1.2668359288859534 1.043230003045979e-05 -0.7331640711140466 0.08106126742307179 -2.5296583092776835e-07 -0.0198478234860191 -2.5296583092776835e-07 -2.5296583092776835e-07 0.08106126742307179 -2.529658309277684e-07 -0.0198478234860191 -0.0198478234860191 -2.529658309277684e-07 1.0710612674230717 -2.529658309277684e-07 -2.5296583092776835e-07 -0.0198478234860191 -2.529658309277684e-07 1.0710612674230717 0.00104715676459
0.012129380053908359 1.2547169811320755 0.012129380053908363 0.2547169811320755 0.081208136317733 0.00014712186049215046 -0.01970095459135788 0.0001471218604921501 0.00014712186049215046 0.081208136317733 0.0001471218604921505 -0.01970095459135788 -0.01970095459135788 0.0001471218604921505 1.071208136317733 0.00014712186049215017 0.0001471218604921501 -0.01970095459135788 0.00014712186049215017 1.071208136317733 4.34214208111e-05
0.012129380053908359 1.2547169811320753 1.0121293800539084 0.25471698113207547 0.08106101445724086 0.0 -0.01984807645185003 0.0 0.0 0.08106101445724086 0.0 -0.01984807645185003 -0.01984807645185003 0.0 1.0710610144572408 0.0 0.0 -0.01984807645185003 0.0 1.0710610144572408 0.000150747273457
0.26494838949052696 1.001897971695457 1.2649483894905273 0.0018979716954569035 0.08108558155398309 -1.4270750195790889e-05 -0.019823509355107814 -1.427075019579119e-05 -1.4270750195790889e-05 0.08108558155398309 -1.4270750195791234e-05 -0.019823509355107814 -0.019823509355107814 -1.4270750195791234e-05 1.071085581553983 -1.4270750195791532e-05 -1.427075019579119e-05 -0.019823509355107814 -1.4270750195791532e-05 1.071085581553983 0.00124087513685
0.24258760107816707 1.2663534124215206 0.24258760107816713 0.2663534124215206 0.08106101445724087 0.0 -0.01984807645185003 0.0 0.0 0.08107272978457905 0.0 -0.019836361124511856 -0.01984807645185003 0.0 1.0710610144572408 0.0 0.0 -0.019836361124511856 0.0 1.071072729784579 2.21610324129e-05
0.2668463611859838 1.266846361185984 1.266846361185984 0.26684636118598387 0.08106101445724086 0.0 -0.01984807645185003 0.0 0.0 0.08106101445724086 0.0 -0.01984807645185003 -0.01984807645185003 0.0 1.0710610144572408 0.0 0.0 -0.01984807645185003 0.0 1.0710610144572408 0.00104670644259
0.2562439470158916 1.2531900152482591 0.25624394701589165 -0.7468099847517405 0.08107720398196468 -1.618952472381995e-05 -0.019831886927126206 -1.618952472382025e-05 -1.618952472381995e-05 0.08107720398196468 -1.618952472381995e-05 -0.019831886927126206 -0.019831886927126206 -1.618952472381995e-05 1.0710772039819647 -1.618952472382025e-05 -1.618952472382025e-05 -0.019831886927126206 -1.618952472382025e-05 1.0710772039819647 0.000172457983862
0.14584156665955914 1.145191303131077 0.1458415666595592 -0.8548086968689234 0.08108897464288875 -3.4950232059850525e-05 -0.019820116266202153 -3.495023205985055e-05 -3.4950232059850525e-05 0.08110470224731568 -3.4950232059850525e-05 -0.01980438866177522 -0.019820116266202153 -3.4950232059850525e-05 1.0710889746428889 -3.495023205985055e-05 -3.495023205985055e-05 -0.01980438866177522 -3.495023205985055e-05 1.071104702247316 0.000151197595464
0.1322033446473267 1.1322033446473265 1.1322033446473263 0.1322033446473267 0.08110391401887168 -1.6283853522728694e-05 -0.019805176890219187 -1.628385352272874e-05 -1.6283853522728694e-05 0.08110391401887168 -1.628385352272892e-05 -0.019805176890219187 -0.019805176890219187 -1.628385352272892e-05 1.0711039140188716 -1.6283853522728965e-05 -1.628385352272874e-05 -0.019805176890219187 -1.6283853522728965e-05 1.0711039140188716 0.00149894826296
0 0 0 0 1.0 0 0.9 0 0 1.0 0 0.9 0.9 0 1.0 0 0 0.9 0 1.0 1
0 9 0 9 1.0 0 0.9 0 0 1.0 0 0.9 0.9 0 1.0 0 0 0.9 0 1.0 1
9 0 9 0 1.0 0 0.9 0 0 1.0 0 0.9 0.9 0 1.0 0 0 0.9 0 1.0 1
9 9 9 9 1.0 0 0.9 0 0 1.0 0 0.9 0.9 0 1.0 0 0 0.9 0 1.0 1
4.5 4.5 4.5 4.5 1.0 0 0.9 0 0 1.0 0 0.9 0.9 0 1.0 0 0 0.9 0 1.0 1
20 4
0.024142243165967456 0.023996541663296123 0.0237422093116633 0.024492939034511826 0.01993668080441412 -1.1688557331337763e-06 0.0008075467457639384 5.0385320275015194e-05 -1.1688557331337763e-06 0.019922825049104736 4.85504392672823e-06 0.0008274786327254457 0.0008075467457639384 4.85504392672823e-06 1.010179238234587 -1.0546059788841511e-06 5.0385320275015194e-05 0.0008274786327254457 -1.0546059788841511e-06 1.0104162742394063 8.71220629843e-06
0.9305719216271882 0.10932916113726707 -1.2378037828668937 0.21730866993774406 0.08430428737612604 3.564588185033467e-05 -0.04870924969540415 0.007279832479673306 3.564588185033467e-05 0.08690640828234573 0.013001617765514851 -0.04219251386058206 -0.04870924969540415 0.013001617765514851 1.375628877862329 0.13941824414329254 0.007279832479673306 -0.04219251386058206 0.13941824414329254 1.4321727499977357 5.58155074821e-06
0.0 0.0 0.0 0.0 0.08106101445724086 0.0 -0.01984807645185003 0.0 0.0 0.08106101445724086 0.0 -0.01984807645185003 -0.01984807645185003 0.0 1.0710610144572408 0.0 0.0 -0.01984807645185003 0.0 1.0710610144572408 0.00104670644259
0.0 0.024258760107816718 0.0 -0.9757412398921833 0.08106101445724086 0.0 -0.01984807645185003 0.0 0.0 0.08106101445724086 0.0 -0.01984807645185003 -0.01984807645185003 0.0 1.0710610144572408 0.0 0.0 -0.01984807645185003 0.0 1.0710610144572408 2.17107104056e-05
0.013683958841613945 0.010637980727086547 1.013683958841614 0.01063798072708655 0.08107745381897351 -1.577125148968926e-05 -0.019831637090117392 -1.5771251489689264e-05 -1.577125148968926e-05 0.08107764626222864 -1.5771251489689258e-05 -0.01983144464686225 -0.019831637090117392 -1.5771251489689258e-05 1.0710774538189736 -1.577125148968926e-05 -1.5771251489689264e-05 -0.01983144464686225 -1.577125148968926e-05 1.0710776462622287 0.00017290830587
0.0 0.24258760107816707 0.0 0.24258760107816713 0.08106101445724086 0.0 -0.01984807645185003 0.0 0.0 0.08106101445724086 0.0 -0.01984807645185003 -0.01984807645185003 0.0 1.0710610144572408 0.0 0.0 -0.01984807645185003 0.0 1.0710610144572408 2.17107104056e-05
0.0 0.2668463611859838 0.0 -0.7331536388140161 0.08106101445724086 0.0 -0.01984807645185003 0.0 0.0 0.08106101445724086 0.0 -0.01984807645185003 -0.01984807645185003 0.0 1.0710610144572408 0.0 0.0 -0.01984807645185003 0.0 1.0710610144572408 0.00104670644259
0.013683958841613945 0.25620838045889727 1.013683958841614 0.2562083804588973 0.08107745381897351 1.5771251489689227e-05 -0.019831637090117392 1.5771251489689227e-05 1.5771251489689227e-05 0.08107764626222864 1.5771251489689224e-05 -0.01983144464686225 -0.019831637090117392 1.5771251489689224e-05 1.0710774538189736 1.5771251489689224e-05 1.5771251489689227e-05 -0.01983144464686225 1.5771251489689224e-05 1.0710776462622287 0.00017290830587
0.26635341242152055 0.0 0.2663534124215206 0.0 0.08107272978457905 0.0 -0.01983636112451186 0.0 0.0 0.08106101445724087 0.0 -0.019848076451850032 -0.01983636112451186 0.0 1.071072729784579 0.0 0.0 -0.019848076451850032 0.0 1.0710610144572408 0.00106841715299
0.2547169811320754 0.012129380053908359 0.25471698113207547 -0.9878706199460916 0.08106101445724086 0.0 -0.01984807645185003 0.0 0.0 0.08106101445724086 0.0 -0.01984807645185003 -0.01984807645185003 0.0 1.0710610144572408 0.0 0.0 -0.01984807645185003 0.0 1.0710610144572408 0.000150747273457
0.24258760107816707 0.26635341242152055 1.2425876010781671 0.2663534124215206 0.08106101445724087 0.0 -0.01984807645185003 0.0 0.0 0.08107272978457905 0.0 -0.019836361124511856 -0.01984807645185003 0.0 1.0710610144572408 0.0 0.0 -0.019836361124511856 0.0 1.071072729784579 2.21610324129e-05
0.2653193953021676 0.2653193953021676 0.26531939530216764 0.26531939530216764 0.08107720398196466 1.6189524723820235e-05 -0.01983188692712621 1.6189524723820235e-05 1.6189524723820235e-05 0.08107720398196466 1.6189524723820235e-05 -0.01983188692712621 -0.01983188692712621 1.6189524723820235e-05 1.0710772039819647 1.6189524723820235e-05 1.6189524723820235e-05 -0.01983188692712621 1.6189524723820235e-05 1.0710772039819647 0.00119745371604
0.1398855665306668 0.10885717023743888 1.1398855665306669 0.10885717023743889 0.08341377656465136 -0.001572833844389921 -0.017495314344439527 -0.0015728338443899213 -0.001572833844389921 0.08211313360812988 -0.0015728338443899207 -0.018795957300961008 -0.017495314344439527 -0.0015728338443899207 1.0734137765646512 -0.001572833844389921 -0.0015728338443899213 -0.018795957300961008 -0.001572833844389921 1.0721131336081298 0.00017290830587
0.1608222194850622 0.1577682877174298 0.16082221948506226 -0.84223171228257 0.08267996692962287 0.00129516197790561 -0.018229123979468013 0.001295161977905609 0.00129516197790561 0.08209714403956535 0.00129516197790561 -0.018811946869525538 -0.018229123979468013 0.00129516197790561 1.0726799669296228 0.001295161977905609 0.001295161977905609 -0.018811946869525538 0.001295161977905609 1.0720971440395652 0.000172457983862
0.1334231805929919 0.13342318059299188 0.1334231805929919 0.13342318059299194 0.08109391492164904 -3.290046440819881e-05 -0.019815175987441827 -3.2900464408198875e-05 -3.290046440819881e-05 0.08109391492164904 -3.290046440819884e-05 -0.019815175987441827 -0.019815175987441827 -3.290046440819884e-05 1.0710939149216492 -3.2900464408198916e-05 -3.2900464408198875e-05 -0.019815175987441827 -3.2900464408198916e-05 1.0710939149216492 0.0013482009895
0 0 0 0 1.0 0 0.9 0 0 1.0 0 0.9 0.9 0 1.0 0 0 0.9 0 1.0 1
0 9 0 9 1.0 0 0.9 0 0 1.0 0 0.9 0.9 0 1.0 0 0 0.9 0 1.0 1
9 0 9 0 1.0 0 0.9 0 0 1.0 0 0.9 0.9 0 1.0 0 0 0.9 0 1.0 1
9 9 9 9 1.0 0 0.9 0 0 1.0 0 0.9 0.9 0 1.0 0 0 0.9 0 1.0 1
4.5 4.5 4.5 4.5 1.0 0 0.9 0 0 1.0 0 0.9 0.9 0 1.0 0 0 0.9 0 1.0 1
