9 -1
1.0 -1.5 1.0 -1.5 1.0 0.0 0.7 0.0 0.0 1.25 0.0 0.95 0.7 0.0 1.0 0.0 0.0 0.95 0.0 1.25 4.48
4.085142609856083 -0.6089359138026177 4.406319505682831 -0.6089359138026177 3.739917422643053 -0.04771835530451099 3.295488357575512 -0.04771835530451099 -0.04771835530451099 2.708717242425636 -0.02026852218223435 2.408626932666897 3.295488357575512 -0.02026852218223435 3.8046365377883595 -0.02026852218223435 -0.04771835530451099 2.408626932666897 -0.02026852218223435 2.844091570774705 74.2814993202
-0.3902973855775955 5.097509886352656 -0.011798417699509178 5.097509886352656 3.6269064646842004 0.8197155691967056 3.0110719409626374 0.8197155691967056 0.8197155691967056 3.7064590421634187 0.5552536297915188 3.4063875712867455 3.0110719409626374 0.5552536297915188 3.3377527023195395 0.5552536297915188 0.8197155691967056 3.4063875712867455 0.5552536297915188 3.8135938862952288 85.8091260999
3.0 2.5 3.0 2.5 1.0 0.0 0.7 0.0 0.0 1.25 0.0 0.95 0.7 0.0 1.0 0.0 0.0 0.95 0.0 1.25 4.48
-0.5425605377058098 -0.041855534803149894 -0.29218075132430266 -0.041855534803149894 2.7336022175434906 0.4602085667242626 2.3365368014749457 0.4602085667242626 0.4602085667242626 3.164418592549783 0.3398589280945953 2.864336921789922 2.3365368014749457 0.3398589280945953 2.849748944909861 0.3398589280945953 0.4602085667242626 2.864336921789922 0.3398589280945953 3.2868430615804645 63.4683975194
1.7777777777777777 2.5 2.2222222222222223 2.5 1.172883950617284 0.0 0.7493827160493826 0.0 0.0 1.2500444444444443 0.0 0.9499999999999998 0.7493827160493826 0.0 1.239506172839506 0.0 0.0 0.9499999999999998 0.0 1.3166666666666664 8.064
-0.4545454545454546 2.5 -0.36363636363636365 2.5 2.157033884297521 0.0 1.898347107438017 0.0 0.0 1.250009090909091 0.0 0.95 1.898347107438017 0.0 2.335950413223141 0.0 0.0 0.95 0.0 1.263636363636364 19.712
4.628167019564057 5.158268866988075 5.004642821601277 5.158268866988075 2.909219286531319 0.17596831262172472 2.4527044992214195 0.17596831262172472 0.17596831262172472 3.1952907457007496 -0.06710035657214175 2.89520879340344 2.4527044992214195 -0.06710035657214175 2.9539418826904087 -0.06710035657214175 0.17596831262172472 2.89520879340344 -0.06710035657214175 3.3181372393673683 77.1983103938
5.875 2.0 5.875 2.0 2.109375000000001 0.1875000000000006 1.8093750000000008 0.1875000000000006 0.1875000000000006 3.0 0.1875000000000006 2.7 1.8093750000000008 0.1875000000000006 2.109375000000001 0.1875000000000006 0.1875000000000006 2.7 0.1875000000000006 3.0 35.84
