18 -1
-0.375 3.25 -0.375 3.25 1.184375 -0.15625 0.48437499999999994 -0.15625 -0.15625 1.6375 -0.15625 0.9375 0.48437499999999994 -0.15625 1.184375 -0.15625 -0.15625 0.9375 -0.15625 1.6375 8
5.0 5.0 5.0 5.0 1.2000000000000004 0.25000000000000033 0.5000000000000003 0.25000000000000033 0.25000000000000033 1.2000000000000004 0.25000000000000033 0.5000000000000003 0.5000000000000003 0.25000000000000033 1.2000000000000004 0.25000000000000033 0.25000000000000033 0.5000000000000003 0.25000000000000033 1.2000000000000004 4
5.5 1.5 5.5 1.5 0.95 0.25 0.25 0.25 0.25 0.95 0.25 0.25 0.25 0.25 0.95 0.25 0.25 0.25 0.25 0.95 2
6.0 0.5 6.0 0.5 0.7 0.0 0.0 0.0 0.0 0.95 0.0 0.25 0.0 0.0 0.7 0.0 0.0 0.25 0.0 0.95 2
3.25 3.75 3.25 3.75 1.3875 -0.1875 0.6875 -0.1875 -0.1875 0.8875 -0.1875 0.1875 0.6875 -0.1875 1.3875 -0.1875 -0.1875 0.1875 -0.1875 0.8875 4
3.0 -5.551115123125783e-17 3.0 -5.551115123125783e-17 1.2714285714285714 0.28571428571428575 0.5714285714285714 0.28571428571428575 0.28571428571428575 1.2714285714285714 0.28571428571428575 0.5714285714285714 0.5714285714285714 0.28571428571428575 1.2714285714285714 0.28571428571428575 0.28571428571428575 0.5714285714285714 0.28571428571428575 1.2714285714285714 7
2.5 6.0 2.5 6.0 0.95 0.0 0.25 0.0 0.0 0.7 0.0 0.0 0.25 0.0 0.95 0.0 0.0 0.0 0.0 0.7 2
0.6666666666666666 1.3333333333333333 0.6666666666666666 1.3333333333333333 0.9222222222222222 0.1111111111111111 0.2222222222222222 0.1111111111111111 0.1111111111111111 0.9222222222222222 0.1111111111111111 0.2222222222222222 0.2222222222222222 0.1111111111111111 0.9222222222222222 0.1111111111111111 0.1111111111111111 0.2222222222222222 0.1111111111111111 0.9222222222222222 3
4.5 6.0 4.5 6.0 0.95 0.0 0.25 0.0 0.0 0.7 0.0 0.0 0.25 0.0 0.95 0.0 0.0 0.0 0.0 0.7 2
2.5 5.0 2.5 5.0 0.95 0.0 0.25 0.0 0.0 0.7 0.0 0.0 0.25 0.0 0.95 0.0 0.0 0.0 0.0 0.7 2
2.6666666666666665 2.1666666666666665 2.6666666666666665 2.1666666666666665 1.2555555555555555 0.05555555555555555 0.5555555555555556 0.05555555555555555 0.05555555555555555 1.172222222222222 0.05555555555555555 0.4722222222222222 0.5555555555555556 0.05555555555555555 1.2555555555555555 0.05555555555555555 0.05555555555555555 0.4722222222222222 0.05555555555555555 1.172222222222222 6
6.0 3.9999999999999996 6.0 3.9999999999999996 0.7 0.0 0.0 0.0 0.0 1.3666666666666667 0.0 0.6666666666666666 0.0 0.0 0.7 0.0 0.0 0.6666666666666666 0.0 1.3666666666666667 3
-0.14285714285714285 -0.2857142857142857 -0.14285714285714285 -0.2857142857142857 1.393877551020408 -0.18367346938775508 0.693877551020408 -0.18367346938775508 -0.18367346938775508 1.189795918367347 -0.18367346938775508 0.4897959183673469 0.693877551020408 -0.18367346938775508 1.393877551020408 -0.18367346938775508 -0.18367346938775508 0.4897959183673469 -0.18367346938775508 1.189795918367347 7
1 5 1 5 0.7 0 0 0 0 0.7 0 0 0 0 0.7 0 0 0 0 0.7 1
5.0 2.5 5.0 2.5 0.7 0.0 0.0 0.0 0.0 0.95 0.0 0.25 0.0 0.0 0.7 0.0 0.0 0.25 0.0 0.95 2
0.0 5.75 0.0 5.75 1.2 1.5265566588595902e-16 0.5 1.5265566588595902e-16 1.5265566588595902e-16 0.8875000000000001 1.5265566588595902e-16 0.18750000000000006 0.5 1.5265566588595902e-16 1.2 1.5265566588595902e-16 1.5265566588595902e-16 0.18750000000000006 1.5265566588595902e-16 0.8875000000000001 4
5.0 -0.75 5.0 -0.75 1.2000000000000004 -5.551115123125783e-17 0.5000000000000003 -5.551115123125783e-17 -5.551115123125783e-17 0.8875000000000001 -5.551115123125783e-17 0.1875 0.5000000000000003 -5.551115123125783e-17 1.2000000000000004 -5.551115123125783e-17 -5.551115123125783e-17 0.1875 -5.551115123125783e-17 0.8875000000000001 4
1 4 1 4 0.7 0 0 0 0 0.7 0 0 0 0 0.7 0 0 0 0 0.7 1
33 -1
5.285714285714286 3.9999999999999996 4.285714285714286 5.285714285714285 0.9040816326530612 -0.1428571428571427 0.20408163265306123 -0.08163265306122439 -0.1428571428571427 1.271428571428571 -0.1428571428571427 0.14285714285714254 0.20408163265306123 -0.1428571428571427 0.9040816326530612 -0.08163265306122439 -0.08163265306122439 0.14285714285714254 -0.08163265306122439 0.904081632653061 7
0.49999999999999994 5.25 -0.8125 5.125 0.9499999999999998 0.06249999999999987 0.09374999999999999 0.12499999999999992 0.06249999999999987 1.2624999999999997 0.07812499999999996 0.1562499999999997 0.09374999999999999 0.07812499999999996 0.85234375 0.03906249999999995 0.12499999999999992 0.1562499999999997 0.03906249999999995 1.1843750000000002 16
5.6571428571428575 3.5 3.7857142857142856 3.3571428571428568 1.0110204081632654 0.11428571428571453 0.14081632653061218 0.022448979591837226 0.11428571428571453 2.2928571428571423 0.09285714285714308 0.29285714285714326 0.14081632653061218 0.09285714285714308 1.3540816326530611 -0.09489795918367337 0.022448979591837226 0.29285714285714326 -0.09489795918367337 1.5581632653061226 70
5.006944444444445 -0.25 0.472222222222222 0.8125 1.3735628858024689 0.11979166666666656 -0.07272376543209871 -0.2278645833333332 0.11979166666666656 1.2624999999999997 0.07638888888888887 -0.23437499999999994 -0.07272376543209871 0.07638888888888887 2.2270061728395056 -0.5364583333333334 -0.2278645833333332 -0.23437499999999994 -0.5364583333333334 2.7690104166666667 144
1.6666666666666665 4.754385964912281 -0.10526315789473678 -0.3859649122807018 1.4836257309941516 0.04093567251461973 0.38596491228070173 0.029239766081871378 0.04093567251461973 1.6221298861188056 -0.09602954755309326 0.06309633733456445 0.38596491228070173 -0.09602954755309326 1.460849492151431 0.09972299168975071 0.029239766081871378 0.06309633733456445 0.09972299168975071 1.1124345952600798 57
5.154761904761905 5.440476190476191 0.0 0.8095238095238094 1.449858276643991 -0.06816893424036284 0.19047619047619035 -0.05385487528344665 -0.06816893424036284 1.0416950113378685 -0.023809523809524013 0.07199546485260806 0.19047619047619035 -0.023809523809524013 1.557142857142857 -0.10714285714285716 -0.05385487528344665 0.07199546485260806 -0.10714285714285716 2.139909297052154 84
2.175 2.2874999999999996 -0.012500000000000011 1.6875 1.6693749999999996 -0.1503125 0.3021875 0.1796875 -0.1503125 1.8298437499999995 0.16609374999999996 -0.37265625 0.3021875 0.16609374999999996 1.51234375 0.09609374999999995 0.1796875 -0.37265625 0.09609374999999995 1.31484375 80
5.383177570093457 2.616822429906542 0.4672897196261682 2.3925233644859807 1.0858852301511046 0.053367106297493236 -0.057559612193204455 -0.07563979386845987 0.053367106297493236 2.095231024543628 0.272512883221242 -0.32622936501004485 -0.057559612193204455 0.272512883221242 1.827434710455061 -0.13669316097475762 -0.07563979386845987 -0.32622936501004485 -0.13669316097475762 1.6300375578653155 107
1.2340425531914896 5.276595744680852 -0.4893617021276596 2.4893617021276597 1.347351742870077 0.19058397464916244 0.22091444092349477 0.05568130375735622 0.19058397464916244 1.2405160706201899 0.07152557718424624 -0.15663196016296962 0.22091444092349477 0.07152557718424624 1.1200995925758261 0.06926210955183332 0.05568130375735622 -0.15663196016296962 0.06926210955183332 1.6307378904481666 47
0.75 -0.75 -0.25 2.25 0.8875 0.0625 0.1875 0.062499999999999944 0.0625 0.8875000000000001 0.0625 -0.06250000000000001 0.1875 0.0625 0.8875 0.062499999999999944 0.062499999999999944 -0.06250000000000001 0.062499999999999944 0.8875 4
4.80722891566265 0.6204819277108432 1.746987951807229 5.1144578313253 1.4580200319349685 -0.0008709536942949764 0.08978080998693588 0.05820873856873289 -0.0008709536942949764 2.224640731601103 0.6148207286979241 0.05548700827406 0.08978080998693588 0.6148207286979241 2.395021048047612 -0.13971548845986348 0.05820873856873289 0.05548700827406 -0.13971548845986348 1.43991145304108 166
5.584415584415584 -0.2987012987012987 3.2727272727272725 1.7402597402597402 1.0467701130038796 0.07066959015010976 0.02243211334120409 -0.0300219261258216 0.07066959015010976 1.2731151964918195 -0.009445100354191275 -0.06459773992241521 0.02243211334120409 -0.009445100354191275 1.703541912632821 -0.34474616292798105 -0.0300219261258216 -0.06459773992241521 -0.34474616292798105 2.346820711755777 77
3.5277777777777777 4.194444444444445 1.4166666666666665 5.75 1.115895061728395 -0.2137345679012345 0.19675925925925922 -0.0069444444444445785 -0.2137345679012345 1.9121913580246912 0.4467592592592595 -0.11805555555555568 0.19675925925925922 0.4467592592592595 1.8875 -0.14583333333333365 -0.0069444444444445785 -0.11805555555555568 -0.14583333333333365 0.8875000000000001 36
3.367088607594936 3.215189873417721 0.5822784810126581 3.9113924050632907 1.1854991187309725 -0.06633552315334099 -0.08716551834641903 0.03252683864765265 -0.06633552315334099 2.0840730652139063 0.2417881749719593 -0.22143887197564488 -0.08716551834641903 0.2417881749719593 1.6520910110559202 -0.3154943118090053 0.03252683864765265 -0.22143887197564488 -0.3154943118090053 1.2870854029802918 79
3.282051282051282 5.743589743589743 -0.41025641025641024 4.512820512820512 1.569165023011177 -0.055884286653517044 -0.1406969099276792 -0.24720578566732426 -0.055884286653517044 0.890664036817883 0.0999342537804076 0.0032873109796182688 -0.1406969099276792 0.0999342537804076 1.1983563445101906 -0.046022353714661374 -0.24720578566732426 0.0032873109796182688 -0.046022353714661374 1.5139381985535834 39
5.3768115942028984 3.3623188405797095 3.7971014492753623 0.20289855072463767 1.19569418189456 0.26927116152068886 0.2503675698382694 -0.13442554085276198 0.26927116152068886 2.2643772316740183 0.3198907792480573 -0.2329342575089267 0.2503675698382694 0.3198907792480573 1.2385423230413777 -0.03129594622978371 -0.13442554085276198 -0.2329342575089267 -0.03129594622978371 1.499411888258769 69
0 3 -1 3 0.7 0 0 0 0 0.7 0 0 0 0 0.7 0 0 0 0 0.7 1
1.5999999999999996 0.6842105263157895 -0.5052631578947367 4.8736842105263145 1.5084210526315784 -0.18947368421052646 0.09263157894736836 0.05473684210526278 -0.18947368421052646 2.200277008310249 0.06149584487534625 0.0548476454293627 0.09263157894736836 0.06149584487534625 1.0552354570637117 0.020387811634348982 0.05473684210526278 0.0548476454293627 0.020387811634348982 1.6735180055401657 95
1.7083333333333333 3.916666666666666 -0.08333333333333331 5.666666666666666 1.0732638888888886 -0.024305555555555483 0.10069444444444439 -0.05555555555555554 -0.024305555555555483 1.2763888888888888 0.07638888888888887 -0.027777777777777724 0.10069444444444439 0.07638888888888887 1.2763888888888886 -0.111111111111111 -0.05555555555555554 -0.027777777777777724 -0.111111111111111 0.922222222222222 24
2.1727272727272724 -0.09999999999999999 0.08181818181818179 0.25454545454545463 1.7156198347107439 0.0172727272727272 0.5131404958677687 0.001487603305785258 0.0172727272727272 1.2990909090909089 0.01727272727272727 -0.16545454545454552 0.5131404958677687 0.01727272727272727 1.7933057851239669 -0.011735537190082622 0.001487603305785258 -0.16545454545454552 -0.011735537190082622 1.8715702479338845 110
4.666666666666667 5.565217391304348 2.579710144927536 2.550724637681159 1.5888888888888895 0.08695652173913078 0.3381642512077301 -0.0483091787439619 0.08695652173913078 1.032703213610586 0.020163831127914505 0.09451795841209808 0.3381642512077301 0.020163831127914505 1.4653854232304142 -0.058391094307918764 -0.0483091787439619 0.09451795841209808 -0.058391094307918764 1.874963243016173 69
2.7777777777777777 -0.5555555555555556 1.3333333333333335 4.2592592592592595 1.0209876543209875 -0.0493827160493827 0.18518518518518512 -0.12757201646090552 -0.0493827160493827 1.0209876543209877 0.03703703703703707 -0.11522633744855965 0.18518518518518512 0.03703703703703707 1.1444444444444442 -0.12345679012345699 -0.12757201646090552 -0.11522633744855965 -0.12345679012345699 1.7809327846364884 27
0.42857142857142855 2.2857142857142856 -0.7142857142857142 -0.5714285714285714 0.9448979591836734 -0.12244897959183672 0.16326530612244897 -0.04081632653061223 -0.12244897959183672 0.9040816326530611 -0.08163265306122448 0.020408163265306114 0.16326530612244897 -0.08163265306122448 0.9040816326530611 0.020408163265306124 -0.04081632653061223 0.020408163265306114 0.020408163265306124 0.9448979591836734 7
5.8181818181818175 0.7272727272727273 4.727272727272727 -0.5454545454545454 0.8487603305785123 0.04132231404958689 0.13223140495867775 0.0826446280991737 0.04132231404958689 1.443801652892562 0.016528925619834697 0.12396694214876028 0.13223140495867775 0.016528925619834697 0.8983471074380164 0.12396694214876032 0.0826446280991737 0.12396694214876028 0.12396694214876032 1.1297520661157023 11
0.0 0.8333333333333334 -1.0 3.166666666666666 0.7 0.0 0.0 0.0 0.0 2.1722222222222216 0.0 0.027777777777777776 0.0 0.0 0.7 0.0 0.0 0.027777777777777776 0.0 1.3388888888888888 12
4.267175572519084 2.66412213740458 0.6106870229007633 -0.34351145038167935 1.8270904958918477 0.06683759687663912 0.08874774197307841 -0.04562671173008573 0.06683759687663912 1.6864227026397058 -0.21473107627760613 -0.07720995279995337 0.08874774197307841 -0.21473107627760613 2.128588077617854 0.026571878095682122 -0.04562671173008573 -0.07720995279995337 0.026571878095682122 1.2003204941436978 131
5.676470588235294 3.3088235294117645 -0.22058823529411767 5.0 0.9482698961937714 0.09991349480968917 0.09039792387543248 -0.05882352941176483 0.09991349480968917 3.0016868512110726 0.3328287197231832 -0.3823529411764709 0.09039792387543248 0.3328287197231832 1.401340830449827 -0.10294117647058834 -0.05882352941176483 -0.3823529411764709 -0.10294117647058834 1.2882352941176474 68
6.0 4.888888888888889 4.666666666666666 5.777777777777778 0.7 0.0 0.0 0.0 0.0 1.687654320987654 -0.037037037037037146 -0.13580246913580252 0.0 -0.037037037037037146 0.9222222222222222 -0.0740740740740741 0.0 -0.13580246913580252 -0.0740740740740741 0.8728395061728395 9
4.333333333333333 5.692307692307692 2.1538461538461537 -0.4871794871794872 1.7427350427350425 -5.551115123125783e-17 0.6666666666666666 -0.14529914529914525 -5.551115123125783e-17 0.9130177514792898 -0.05522682445759371 0.029585798816568074 0.6666666666666666 -0.05522682445759371 1.8558185404339245 -0.0019723865877711994 -0.14529914529914525 0.029585798816568074 -0.0019723865877711994 1.0523997370151215 39
5.020833333333333 5.333333333333333 1.2083333333333333 5.645833333333332 1.2203993055555558 0.07638888888888888 0.2873263888888893 0.007378472222222415 0.07638888888888888 1.2138888888888886 0.1388888888888894 -0.04861111111111126 0.2873263888888893 0.1388888888888894 2.3232638888888886 -0.11371527777777737 0.007378472222222415 -0.04861111111111126 -0.11371527777777737 0.9287326388888886 48
2.8823529411764706 3.5294117647058827 -0.7941176470588236 2.5294117647058827 1.3332179930795847 -0.05536332179930778 -0.00519031141868511 -0.1435986159169552 -0.05536332179930778 1.713840830449827 0.09688581314878889 -0.486159169550173 -0.00519031141868511 0.09688581314878889 0.8634948096885814 -0.050173010380622836 -0.1435986159169552 -0.486159169550173 -0.050173010380622836 1.4785467128027683 34
4.0 2.5 3.0 2.0 0.7 0.0 0.0 0.0 0.0 0.95 0.0 0.0 0.0 0.0 0.7 0.0 0.0 0.0 0.0 0.7 2
5.913043478260869 0.30434782608695654 4.478260869565217 5.173913043478261 0.7793950850661625 0.11342155009451796 0.04158790170132323 -0.028355387523629517 0.11342155009451796 1.8682419659735348 0.028355387523629177 0.03402646502835502 0.04158790170132323 0.028355387523629177 0.9495274102079393 -0.0396975425330814 -0.028355387523629517 0.03402646502835502 -0.0396975425330814 1.2784499054820417 23
37 -1
3.137931034482758 2.9482758620689653 5.655172413793103 3.051724137931034 1.4051129607609982 -0.07907253269916799 0.03032104637336512 -0.16230677764565976 -0.07907253269916799 1.7835315101070148 -0.15576694411414976 -0.031807372175980744 0.03032104637336512 -0.15576694411414976 0.9604042806183114 0.0005945303210464336 -0.16230677764565976 -0.031807372175980744 0.0005945303210464336 1.5076694411414977 58
2.387096774193548 4.806451612903225 5.806451612903226 5.612903225806451 1.7759625390218519 0.39750260145681543 -0.15088449531737783 -0.011446409989594137 0.39750260145681543 1.7593132154006241 -0.1019771071800208 -0.042663891779396335 -0.15088449531737783 -0.1019771071800208 0.8560874089490114 -0.010405827263267452 -0.011446409989594137 -0.042663891779396335 -0.010405827263267452 0.9372528616024973 31
0.8571428571428571 3.8571428571428568 1.857142857142857 4.999999999999999 0.8224489795918367 -0.16326530612244897 0.12244897959183672 0.14285714285714277 -0.16326530612244897 1.3938775510204082 -0.16326530612244897 -0.14285714285714277 0.12244897959183672 -0.16326530612244897 0.8224489795918367 0.14285714285714277 0.14285714285714277 -0.14285714285714277 0.14285714285714277 1.2714285714285711 7
3.7142857142857144 1.2571428571428571 5.4 5.257142857142858 1.246938775510204 -0.06938775510204101 0.1999999999999998 -0.1265306122448978 -0.06938775510204101 1.4624489795918367 -0.10285714285714287 -0.09469387755102017 0.1999999999999998 -0.10285714285714287 1.111428571428571 -0.045714285714285596 -0.1265306122448978 -0.09469387755102017 -0.045714285714285596 1.1767346938775507 35
4.2333333333333325 4.133333333333333 5.6 5.066666666666666 1.1455555555555554 0.13555555555555543 0.2266666666666668 0.017777777777777976 0.13555555555555543 1.5488888888888885 0.053333333333333406 -0.1088888888888887 0.2266666666666668 0.053333333333333406 0.9399999999999998 -0.006666666666666678 0.017777777777777976 -0.1088888888888887 -0.006666666666666678 1.295555555555555 30
-0.22535211267605632 5.338028169014084 4.154929577464788 0.1408450704225352 1.2971037492560997 0.005752826820075359 -0.19043840507835738 -0.19361237849633 0.005752826820075359 1.2054552668121403 -0.16504661773457627 0.05098194802618485 -0.19043840507835738 -0.16504661773457627 1.6759968260265816 -0.17675064471335084 -0.19361237849633 0.05098194802618485 -0.17675064471335084 1.6942471731799242 71
4.428571428571428 -0.2857142857142857 5.928571428571429 0.5714285714285714 1.1591836734693877 0.1938775510204082 0.030612244897959245 0.36224489795918374 0.1938775510204082 1.2612244897959182 0.05102040816326536 0.16326530612244897 0.030612244897959245 0.05102040816326536 0.766326530612245 0.07653061224489816 0.36224489795918374 0.16326530612244897 0.07653061224489816 2.516326530612245 28
-0.3670886075949367 2.481012658227848 5.1265822784810124 4.367088607594937 1.2614484858195798 0.08796667200769111 0.046466912353789636 0.0841211344335843 0.08796667200769111 1.8103989745233136 -0.035571222560487004 0.05127383432142282 0.046466912353789636 -0.035571222560487004 1.3168883191796183 0.016824226886717003 0.0841211344335843 0.05127383432142282 0.016824226886717003 1.4892965870854027 79
-0.875 -0.875 0.375 0.125 0.809375 -0.015625 0.07812499999999999 0.10937500000000003 -0.015625 0.8093749999999998 -0.046875 -0.14062499999999997 0.07812499999999999 -0.046875 0.934375 -0.046875000000000014 0.10937500000000003 -0.14062499999999997 -0.046875000000000014 1.8093749999999997 8
0.1739130434782609 2.0434782608695645 5.285714285714285 1.0434782608695652 1.576586551444774 -0.007561436672967853 0.08695652173913038 0.1415068863083987 -0.007561436672967853 2.3689170942479065 -0.14906832298136688 0.6316500135025653 0.08695652173913038 -0.14906832298136688 1.2767524401064771 -0.1739130434782615 0.1415068863083987 0.6316500135025653 -0.1739130434782615 2.306805293005671 161
-0.7391304347826086 0.0 4.478260869565217 5.826086956521739 0.8928166351606805 3.642919299551295e-17 0.005671077504725908 0.045368620037807186 3.642919299551295e-17 1.4826086956521736 -0.04347826086956544 0.08695652173913043 0.005671077504725908 -0.04347826086956544 1.471266540642722 -0.0037807183364839654 0.045368620037807186 0.08695652173913043 -0.0037807183364839654 0.8436672967863894 23
-0.05970149253731338 1.08955223880597 2.044776119402985 1.417910447761194 1.3531521496992647 0.39340610380931157 0.16685230563599904 0.15927823568723543 0.39340610380931157 1.76660726219648 0.3989752728892849 0.12675428826019153 0.16685230563599904 0.3989752728892849 1.3696368901759857 -0.138115393183337 0.15927823568723543 0.12675428826019153 -0.138115393183337 1.5701269770550232 67
-0.6296296296296298 5.4259259259259265 4.314814814814815 4.907407407407407 0.9702331961591221 0.08299039780521267 0.1426611796982168 -0.0027434842249656755 0.08299039780521267 1.1296982167352538 -0.07853223593964291 -0.10871056241426624 0.1426611796982168 -0.07853223593964291 2.02681755829904 0.17729766803840846 -0.0027434842249656755 -0.10871056241426624 0.17729766803840846 1.5988340192043895 54
2.0 4.5 3.0 -0.5 0.7 0.0 0.0 0.0 0.0 1.616666666666667 0.0 -0.25000000000000006 0.0 0.0 0.7 0.0 0.0 -0.25000000000000006 0.0 0.95 6
1.5454545454545454 4.454545454545453 2.8181818181818175 2.1818181818181817 0.9479338842975206 -0.15702479338842984 0.19008264462809926 -0.37190082644628103 -0.15702479338842984 1.3115702479338842 -0.19008264462809932 0.28099173553719026 0.19008264462809926 -0.19008264462809932 1.0305785123966942 -0.23966942148760348 -0.37190082644628103 0.28099173553719026 -0.23966942148760348 1.394214876033058 11
-0.6875 5.375 0.625 5.375 0.9148437500000001 -0.05468750000000008 0.11718750000000001 0.07031250000000003 -0.05468750000000008 1.184375 0.01562499999999991 -0.20312500000000006 0.11718750000000001 0.01562499999999991 0.9343749999999998 0.01562500000000003 0.07031250000000003 -0.20312500000000006 0.01562500000000003 1.1843749999999997 16
1.2083333333333333 0.48611111111111094 3.083333333333333 5.361111111111111 1.5315972222222223 0.12094907407407407 0.4965277777777778 -0.07523148148148143 0.12094907407407407 1.8109182098765433 0.22337962962962948 -0.11998456790123464 0.4965277777777778 0.22337962962962948 1.5541666666666663 -0.0023148148148148667 -0.07523148148148143 -0.11998456790123464 -0.0023148148148148667 1.1529320987654323 72
0.6666666666666665 5.722222222222221 5.833333333333333 1.1111111111111112 1.3666666666666667 -0.03703703703703687 -1.3877787807814457e-17 0.2592592592592592 -0.03703703703703687 0.900617283950617 -0.04629629629629633 -0.024691358024691155 -1.3877787807814457e-17 -0.04629629629629633 0.8388888888888887 -0.09259259259259257 0.2592592592592592 -0.024691358024691155 -0.09259259259259257 1.4654320987654321 18
-0.7192982456140351 1.9824561403508774 1.3333333333333335 4.412280701754385 0.9194521391197292 0.08387196060326253 0.07309941520467836 -0.010464758387196082 0.08387196060326253 3.103200984918436 0.22514619883040954 -0.16820560172360713 0.07309941520467836 0.22514619883040954 1.6239766081871343 -0.03216374269005849 -0.010464758387196082 -0.16820560172360713 -0.03216374269005849 1.8194983071714375 114
4.428571428571429 2.0952380952380953 5.714285714285715 0.4761904761904763 0.9448979591836734 0.29251700680272097 0.12244897959183673 0.1768707482993197 0.29251700680272097 1.738548752834467 0.1700680272108846 0.6213151927437643 0.12244897959183673 0.1700680272108846 0.9040816326530612 0.1360544217687078 0.1768707482993197 0.6213151927437643 0.1360544217687078 1.6160997732426303 21
2.5972222222222223 1.5694444444444442 4.375 1.7499999999999998 1.162770061728395 -0.22897376543209869 0.26215277777777773 -0.23958333333333312 -0.22897376543209869 1.6118441358024689 -0.3802083333333333 0.5868055555555556 0.26215277777777773 -0.3802083333333333 1.3232638888888886 -0.36458333333333337 -0.23958333333333312 0.5868055555555556 -0.36458333333333337 2.581944444444444 72
-0.4736842105263158 3.9736842105263164 2.3157894736842106 -0.4078947368421053 1.1598337950138504 -0.157202216066482 0.18905817174515238 -0.15373961218836563 -0.157202216066482 2.120360110803324 -0.9390581717451526 0.09452908587257619 0.18905817174515238 -0.9390581717451526 2.2581717451523544 -0.14750692520775624 -0.15373961218836563 0.09452908587257619 -0.14750692520775624 1.2573060941828254 76
1.1951219512195121 4.573170731707317 3.670731707317073 5.439024390243901 1.6619274241522901 0.05889351576442636 0.4057108863771563 -0.024687685901249076 0.05889351576442636 1.7739143367043433 -0.06737061273051725 -0.05651397977394385 0.4057108863771563 -0.06737061273051725 1.5549970255800114 -0.050565139797739404 -0.024687685901249076 -0.05651397977394385 -0.050565139797739404 1.1170136823319454 82
3.954545454545454 5.681818181818182 5.590909090909091 3.0 1.197933884297521 -0.059917355371900766 0.11776859504132235 -0.09090909090909079 -0.059917355371900766 0.9169421487603305 0.0061983471074380375 0.1363636363636363 0.11776859504132235 0.0061983471074380375 0.9417355371900826 -0.09090909090909087 -0.09090909090909079 0.1363636363636363 -0.09090909090909087 1.4272727272727268 22
0.03278688524590165 5.049180327868852 2.0819672131147544 1.8688524590163937 1.2890889545821018 -0.1491534533727492 0.32518140284869657 -0.3727492609513572 -0.1491534533727492 1.402499328137597 -0.2991131416285943 0.10481053480247236 0.32518140284869657 -0.2991131416285943 1.660494490728299 -0.005643644181671487 -0.3727492609513572 0.10481053480247236 -0.005643644181671487 1.535259338887396 61
2.230769230769231 5.6923076923076925 4.230769230769231 1.6923076923076925 1.1082840236686389 -0.005917159763313725 0.023668639053254628 -0.12130177514792875 -0.005917159763313725 0.9130177514792901 -0.08284023668639055 -0.05621301775147914 0.023668639053254628 -0.08284023668639055 1.108284023668639 0.1863905325443788 -0.12130177514792875 -0.05621301775147914 0.1863905325443788 1.528402366863905 26
3 1 4 -1 0.7 0 0 0 0 0.7 0 0 0 0 0.7 0 0 0 0 0.7 1
3.2857142857142856 -0.5952380952380952 5.095238095238095 3.214285714285714 0.9517006802721087 0.0034013605442177464 0.0918367346938774 -0.013605442176870958 0.0034013605442177464 0.9885487528344671 -0.03854875283446708 0.03231292517006819 0.0918367346938774 -0.03854875283446708 1.2147392290249428 0.05102040816326492 -0.013605442176870958 0.03231292517006819 0.05102040816326492 2.5826530612244887 42
0.4709302325581395 -0.5116279069767442 4.16860465116279 2.255813953488372 1.8212479718766896 0.03745267712276904 0.2868780421849649 -0.09721471065440793 0.03745267712276904 1.0777717685235262 -0.047458085451595466 0.16576527852893447 0.2868780421849649 -0.047458085451595466 2.1890143320713893 -0.5663872363439691 -0.09721471065440793 0.16576527852893447 -0.5663872363439691 3.0531638723634393 172
1.5714285714285714 5.035714285714286 3.071428571428571 3.75 1.4448979591836735 -0.12755102040816324 0.5663265306122449 -0.10714285714285719 -0.12755102040816324 1.4487244897959177 -0.18112244897959187 0.04464285714285711 0.5663265306122449 -0.18112244897959187 1.4091836734693879 -0.1607142857142857 -0.10714285714285719 0.04464285714285711 -0.1607142857142857 0.9589285714285714 28
2.5882352941176467 4.029411764705881 5.235294117647059 -0.2647058823529412 1.706920415224913 -0.13494809688581294 0.09688581314878905 0.08708189158016148 -0.13494809688581294 2.1010957324106108 0.09111880046136112 0.1940599769319493 0.09688581314878905 0.09111880046136112 1.2916955017301037 0.03287197231833913 0.08708189158016148 0.1940599769319493 0.03287197231833913 1.3064013840830448 102
4.875 -0.375 6.0 5.25 0.809375 0.078125 0.0 -0.09375 0.078125 1.184375 0.0 0.09375 0.0 0.0 0.7 0.0 -0.09375 0.09375 0.0 1.3875 8
0.8253968253968252 -0.04761904761904759 2.8095238095238093 -0.5714285714285714 1.8917359536407152 0.1186696900982615 0.5540438397581254 0.05895691609977326 0.1186696900982615 1.5072562358276644 0.006802721088435507 -0.09070294784580499 0.5540438397581254 0.006802721088435507 1.6795918367346938 -0.1405895691609977 0.05895691609977326 -0.09070294784580499 -0.1405895691609977 1.0718820861678005 63
0.4230769230769231 5.5 5.769230769230769 3.346153846153846 1.7133136094674555 0.019230769230769405 -0.056213017751479806 0.23816568047337297 0.019230769230769405 0.9500000000000002 -1.734723475976807e-17 0.057692307692307813 -0.056213017751479806 -1.734723475976807e-17 0.8775147928994085 0.0029585798816566533 0.23816568047337297 0.057692307692307813 0.0029585798816566533 1.2340236686390536 26
0.9268292682926829 0.07317073170731703 5.7073170731707314 5.414634146341463 1.6946460440214157 0.10291493158834021 -0.045806067816775695 0.2986317668054727 0.10291493158834021 1.6458655562165376 -0.0029744199881023177 0.1891731112433077 -0.045806067816775695 -0.0029744199881023177 0.9070196311719213 -0.049375371802498416 0.2986317668054727 0.1891731112433077 -0.049375371802498416 1.1378346222486613 41
-0.711111111111111 2.333333333333333 0.8666666666666667 0.4666666666666666 0.9498765432098764 0.10370370370370369 0.14962962962962958 -0.06814814814814815 0.10370370370370369 1.6333333333333329 0.02222222222222222 0.3333333333333333 0.14962962962962958 0.02222222222222222 1.26 -0.09333333333333328 -0.06814814814814815 0.3333333333333333 -0.09333333333333328 1.7933333333333334 45
4.4 5.6 5.6000000000000005 -0.2 1.0733333333333333 -0.1733333333333333 0.29333333333333345 0.08 -0.1733333333333333 1.0733333333333333 -0.09333333333333328 0.12000000000000004 0.29333333333333345 -0.09333333333333328 1.0733333333333333 0.12000000000000009 0.08 0.12000000000000004 0.12000000000000009 1.393333333333333 15
36 -1
5.833333333333334 5.138888888888888 0.1944444444444444 0.8888888888888888 0.8388888888888888 -0.03240740740740739 0.00462962962962974 -0.1296296296296296 -0.03240740740740739 1.2640432098765433 0.13966049382716053 0.45987654320987653 0.00462962962962974 0.13966049382716053 1.5788580246913582 -0.28395061728395066 -0.1296296296296296 0.45987654320987653 -0.28395061728395066 1.9654320987654321 36
6.0 1.3157894736842104 2.052631578947368 -0.3684210526315789 0.7 0.0 0.0 0.0 0.0 1.2318559556786701 0.14127423822714677 0.27423822714681434 0.0 0.14127423822714677 1.6972299168975067 0.28254847645429354 0.0 0.27423822714681434 0.28254847645429354 1.2484764542936286 19
-0.5147058823529411 5.441176470588235 3.705882352941176 3.5735294117647047 1.0674307958477507 0.03589965397923878 -0.004325259515571036 0.0893166089965397 0.03589965397923878 1.1524221453287196 0.04152249134948098 0.23226643598615915 -0.004325259515571036 0.04152249134948098 2.525259515570934 -0.14013840830449806 0.0893166089965397 0.23226643598615915 -0.14013840830449806 1.5622404844290654 68
5.6 1.8 -0.5 0.6000000000000001 0.94 -0.0799999999999999 -8.673617379884035e-17 -0.15999999999999986 -0.0799999999999999 1.06 -0.10000000000000003 0.3200000000000001 -8.673617379884035e-17 -0.10000000000000003 0.95 -0.10000000000000003 -0.15999999999999986 0.3200000000000001 -0.10000000000000003 1.1400000000000001 10
1.65 4.133333333333333 5.2666666666666675 2.4000000000000004 1.8941666666666666 -0.25333333333333324 0.02666666666666706 -0.19333333333333338 -0.25333333333333324 1.282222222222222 0.014444444444444392 0.34666666666666657 0.02666666666666706 0.014444444444444392 1.2955555555555553 -0.04000000000000013 -0.19333333333333338 0.34666666666666657 -0.04000000000000013 1.373333333333333 60
0.9142857142857143 1.0285714285714285 -0.6 -0.2571428571428571 3.178367346938775 -0.22612244897959172 -0.05142857142857145 -0.07918367346938779 -0.22612244897959172 1.1277551020408163 0.07428571428571429 0.3787755102040816 -0.05142857142857145 0.07428571428571429 0.997142857142857 0.10285714285714286 -0.07918367346938779 0.3787755102040816 0.10285714285714286 1.2338775510204079 35
0.033333333333333326 4.555555555555555 3.422222222222222 -0.21111111111111114 1.3099999999999998 -0.06296296296296276 -0.14740740740740743 0.029259259259259256 -0.06296296296296276 1.702469135802469 0.42098765432098767 0.10617283950617272 -0.14740740740740743 0.42098765432098767 1.7883950617283948 -0.04419753086419749 0.029259259259259256 0.10617283950617272 -0.04419753086419749 1.3109876543209875 90
3.486486486486486 5.621621621621621 3.9189189189189184 3.1081081081081083 1.5444119795471138 -0.0051132213294375235 0.22863403944484986 0.08254200146092029 -0.0051132213294375235 0.989262235208181 0.05040175310445622 -0.01314828341855357 0.22863403944484986 0.05040175310445622 1.9636961285609935 0.1439006574141708 0.08254200146092029 -0.01314828341855357 0.1439006574141708 0.9585829072315557 37
3.5681818181818183 1.1363636363636367 3.2727272727272725 -0.47727272727272724 1.8998966942148767 0.35433884297520685 -0.5640495867768593 0.13481404958677698 0.35433884297520685 1.1359504132231406 -0.17355371900826438 0.17871900826446283 -0.5640495867768593 -0.17355371900826438 1.5801652892561981 -0.028925619834710724 0.13481404958677698 0.17871900826446283 -0.028925619834710724 1.0858471074380165 44
5.688073394495413 4.605504587155963 3.7339449541284395 1.091743119266055 0.9146283982829728 0.00538675195690618 0.15554246275566055 -0.09064893527480877 0.00538675195690618 1.6177678646578568 -0.031562999747495914 0.063715175490278 0.15554246275566055 -0.031562999747495914 2.2347192997222454 0.033583031731335686 -0.09064893527480877 0.063715175490278 0.033583031731335686 2.232867603737059 109
2.5374999999999996 2.55 4.0125 -0.1875 1.8735937499999997 0.3418750000000002 -0.05671874999999972 0.08828124999999992 0.3418750000000002 1.1975000000000002 0.218125 -0.02187499999999995 -0.05671874999999972 0.218125 2.01234375 -0.2601562499999998 0.08828124999999992 -0.02187499999999995 -0.2601562499999998 1.3023437500000001 80
0.06666666666666668 5.800000000000001 0.8333333333333334 -0.6333333333333334 1.4955555555555555 0.01333333333333344 -0.3555555555555555 0.07555555555555557 0.01333333333333344 0.8599999999999999 -2.498001805406602e-16 0.07333333333333329 -0.3555555555555555 -2.498001805406602e-16 1.9722222222222223 0.061111111111111095 0.07555555555555557 0.07333333333333329 0.061111111111111095 0.9322222222222223 30
6.0 4.833333333333333 1.3333333333333333 3.333333333333333 0.7 0.0 0.0 0.0 0.0 0.8388888888888887 -0.1111111111111111 0.05555555555555555 0.0 -0.1111111111111111 1.2555555555555555 0.055555555555555566 0.0 0.05555555555555555 0.055555555555555566 0.9222222222222222 6
4.644444444444444 5.755555555555555 -0.06666666666666664 -0.1333333333333334 1.5513580246913588 -0.08691358024691342 0.154074074074074 -0.2029629629629631 -0.08691358024691342 0.8846913580246911 0.050370370370370524 0.0785185185185183 0.154074074074074 0.050370370370370524 1.5622222222222217 -0.1644444444444444 -0.2029629629629631 0.0785185185185183 -0.1644444444444444 1.482222222222222 45
2.2142857142857144 5.821428571428571 3.6428571428571423 4.571428571428571 1.5826530612244898 -0.03316326530612258 -0.10204081632653085 0.0561224489795919 -0.03316326530612258 0.8466836734693878 0.07908163265306162 0.10204081632653055 -0.10204081632653085 0.07908163265306162 1.9295918367346934 0.06122448979591797 0.0561224489795919 0.10204081632653055 0.06122448979591797 0.9448979591836733 28
0.787878787878788 5.348484848484849 1.7121212121212122 2.181818181818182 1.6550045913682276 -0.0018365472910927827 0.029843893480257316 -0.11294765840220373 -0.0018365472910927827 1.2603764921946734 -0.21786042240587683 -0.0027548209366390942 0.029843893480257316 -0.21786042240587683 1.5413682277318639 0.08264462809917375 -0.11294765840220373 -0.0027548209366390942 0.08264462809917375 1.3336088154269974 66
4.6 5.333333333333333 -0.6666666666666666 4.199999999999999 1.873333333333333 0.06666666666666639 0.06666666666666667 0.07999999999999965 0.06666666666666639 0.9222222222222222 -0.04444444444444445 0.2666666666666666 0.06666666666666667 -0.04444444444444445 0.9222222222222222 -2.2551405187698492e-17 0.07999999999999965 0.2666666666666666 -2.2551405187698492e-17 1.1266666666666665 15
4.2857142857142865 2.4285714285714284 1.5714285714285716 1.2857142857142856 0.9040816326530612 -0.12244897959183676 -0.020408163265306083 -0.08163265306122457 -0.12244897959183676 0.9448979591836735 0.04081632653061221 0.16326530612244905 -0.020408163265306083 0.04081632653061221 0.9448979591836735 -0.02040816326530614 -0.08163265306122457 0.16326530612244905 -0.02040816326530614 0.9040816326530612 7
0.3333333333333333 1.7619047619047616 5.904761904761904 0.28571428571428564 1.3984126984126986 0.12698412698412695 -0.06349206349206364 -0.047619047619047644 0.12698412698412695 1.5480725623582763 0.02494331065759601 0.639455782312925 -0.06349206349206364 0.02494331065759601 0.7861678004535148 -0.020408163265306485 -0.047619047619047644 0.639455782312925 -0.020408163265306485 1.570748299319728 21
4.84 1.693333333333333 5.333333333333332 -0.33333333333333337 1.8210666666666664 0.27093333333333297 -0.2400000000000001 0.03999999999999987 0.27093333333333297 1.8192888888888885 0.15555555555555545 0.2977777777777776 -0.2400000000000001 0.15555555555555545 1.2688888888888887 0.0711111111111106 0.03999999999999987 0.2977777777777776 0.0711111111111106 1.322222222222222 75
5.368421052631579 3.605263157894737 0.5789473684210527 1.9473684210526314 1.19584487534626 -0.1440443213296398 -0.21329639889196655 -0.2174515235457064 -0.1440443213296398 1.0968144044321329 -0.11357340720221598 0.3213296398891967 -0.21329639889196655 -0.11357340720221598 1.6806094182825484 -0.12742382271468142 -0.2174515235457064 0.3213296398891967 -0.12742382271468142 1.434072022160665 38
-0.425 2.3874999999999997 4.574999999999999 0.11249999999999993 1.1193749999999996 0.0021875000000000228 -0.08062500000000004 0.07281249999999995 0.0021875000000000228 1.98734375 0.38968750000000013 0.59390625 -0.08062500000000004 0.38968750000000013 1.6693750000000003 -0.027187500000000066 0.07281249999999995 0.59390625 -0.027187500000000066 1.6748437499999995 80
-0.5737704918032787 4.393442622950819 0.24590163934426235 0.14754098360655735 1.0101316850309054 0.09459822628325718 -0.006449879064767576 0.019080892233270662 0.09459822628325718 1.8238914270357427 -0.08035474334856192 0.3026068261220104 -0.006449879064767576 -0.08035474334856192 1.6067454985219027 0.17683418435904324 0.019080892233270662 0.3026068261220104 0.17683418435904324 1.28478903520559 61
3.3505154639175254 3.4020618556701034 -0.5463917525773195 0.7319587628865979 2.412190455946433 -0.35742374322457227 -0.004357530024444778 -0.3596556488468485 -0.35742374322457227 2.0125730683388245 -0.007120841747263348 0.39642895100435754 -0.004357530024444778 -0.007120841747263348 1.1127962589010523 0.19375066425762563 -0.3596556488468485 0.39642895100435754 0.19375066425762563 1.6178446168562013 97
3.0919540229885056 4.678160919540229 2.3793103448275863 -0.3908045977011494 1.7720042277711718 -0.11983088915312426 -0.08085612366230666 -0.07900647377460698 -0.11983088915312426 1.5849253534152463 -0.09631391200951263 -0.022327916501519357 -0.08085612366230666 -0.09631391200951263 1.694054696789536 -0.1506143479984146 -0.07900647377460698 -0.022327916501519357 -0.1506143479984146 1.2139384330823095 87
5.64 5.68 4.359999999999999 4.2 0.9304000000000001 0.004799999999999884 0.12959999999999997 -0.04800000000000011 0.004799999999999884 0.9176 -0.04479999999999988 0.10399999999999998 0.12959999999999997 -0.04479999999999988 2.050399999999999 -0.2720000000000001 -0.04800000000000011 0.10399999999999998 -0.2720000000000001 1.0999999999999999 25
2.505494505494505 3.0219780219780215 0.23076923076923075 -0.6263736263736263 3.0598599202994805 -0.011109769351527576 0.19103972950126807 -0.0899649800748702 -0.011109769351527576 1.8863301533631198 -0.16990701606086228 0.013766453326892789 0.19103972950126807 -0.16990701606086228 1.2950972104818257 0.1555367709213863 -0.0899649800748702 0.013766453326892789 0.1555367709213863 1.0219417944692668 91
2.4390243902439024 0.39024390243902435 1.146341463414634 -0.8292682926829269 4.214574657941702 -0.07376561570493748 -0.7471743010113028 0.02260559190957761 -0.07376561570493748 0.9379535990481856 0.06484235574063062 0.10410469958358118 -0.7471743010113028 0.06484235574063062 1.605413444378346 0.02379535990481859 0.02260559190957761 0.10410469958358118 0.02379535990481859 0.8415823914336703 41
3.722222222222222 5.333333333333334 5.888888888888889 4.0 1.789506172839506 -0.18518518518518526 0.024691358024691377 -0.2222222222222223 -0.18518518518518526 1.1444444444444444 0.03703703703703708 0.33333333333333337 0.024691358024691377 0.03703703703703708 0.7987654320987654 1.0408340855860843e-17 -0.2222222222222223 0.33333333333333337 1.0408340855860843e-17 1.1444444444444446 18
0.5247524752475247 4.752475247524753 -0.21782178217821785 2.8217821782178216 1.9196843446720906 0.02097833545730764 0.14400548965787668 0.024213312420350817 0.02097833545730764 1.6585334771100877 -0.21233212430153917 0.5499460837172827 0.14400548965787668 -0.21233212430153917 1.3456229781393978 0.05028918733457506 0.024213312420350817 0.5499460837172827 0.05028918733457506 1.796951279286344 101
3.813084112149532 5.22429906542056 4.607476635514018 0.747663551401869 1.6183334789064538 0.03257926456459076 0.3845750720586948 -0.2434273735697441 0.03257926456459076 1.2852039479430521 -0.08952746964800452 -0.0555507031181765 0.3845750720586948 -0.08952746964800452 1.9291029784260627 -0.32334701720674297 -0.2434273735697441 -0.0555507031181765 -0.32334701720674297 1.76716743820421 107
3.5333333333333328 3.2666666666666666 3.1999999999999997 2.2 1.6155555555555545 -0.07555555555555543 0.5599999999999996 -0.03999999999999991 -0.07555555555555543 0.8955555555555554 -0.18666666666666662 0.14666666666666667 0.5599999999999996 -0.18666666666666662 1.6599999999999995 -0.1066666666666666 -0.03999999999999991 0.14666666666666667 -0.1066666666666666 0.86 15
1.3333333333333333 0.3333333333333333 5.666666666666666 -0.6666666666666666 0.9222222222222222 0.2222222222222222 0.1111111111111111 0.2222222222222222 0.2222222222222222 0.9222222222222222 0.1111111111111111 0.2222222222222222 0.1111111111111111 0.1111111111111111 0.9222222222222222 0.1111111111111111 0.2222222222222222 0.2222222222222222 0.1111111111111111 0.9222222222222222 3
4.033333333333333 5.766666666666666 0.65 3.7166666666666663 1.9322222222222218 0.007777777777777755 0.1283333333333332 -0.02388888888888889 0.007777777777777755 0.8788888888888887 -0.09833333333333333 0.08388888888888896 0.1283333333333332 -0.09833333333333333 1.5941666666666667 0.05083333333333319 -0.02388888888888889 0.08388888888888896 0.05083333333333319 1.4697222222222222 60
0.9298245614035088 5.526315789473683 5.75438596491228 0.5438596491228069 2.13367189904586 -0.03324099722991695 0.0353955063096334 -0.26008002462296065 -0.03324099722991695 1.0896583564173592 -0.06371191135734078 0.18744228993536471 0.0353955063096334 -0.06371191135734078 0.8852877808556479 -0.006771314250538479 -0.26008002462296065 0.18744228993536471 -0.006771314250538479 2.070883348722684 57
-0.5333333333333333 2.033333333333333 1.7999999999999998 0.6333333333333334 1.0822222222222222 0.08444444444444443 0.12666666666666665 0.17111111111111113 0.08444444444444443 1.3322222222222222 0.2066666666666667 0.6122222222222222 0.12666666666666665 0.2066666666666667 1.393333333333333 0.26 0.17111111111111113 0.6122222222222222 0.26 1.5988888888888888 30
35 -1
3.7878787878787876 3.3636363636363633 0.20202020202020204 5.0808080808080796 1.8772268135904495 0.07713498622589499 -0.0985613712886441 0.017141108050198396 0.07713498622589499 1.6384756657483919 0.32047750229568406 0.5463728191000911 -0.0985613712886441 0.32047750229568406 1.6086827874706662 0.24630139781654925 0.017141108050198396 0.5463728191000911 0.24630139781654925 1.5419549025609625 99
2.7289719626168223 -0.3738317757009346 -0.3738317757009346 3.7757009345794392 1.98168398986811 0.020176434623111153 -0.1293562756572626 -0.20097825137566627 0.020176434623111153 1.2331469997379683 -0.13975019652371393 -0.06515852912918155 -0.1293562756572626 -0.13975019652371393 1.2144554109529218 0.0002620316184820809 -0.20097825137566627 -0.06515852912918155 0.0002620316184820809 2.313241331120622 107
-0.23711340206185555 0.0103092783505154 4.855670103092782 2.896907216494845 1.4994473376554363 -0.15219470719523856 0.16165373578488723 0.1095759379317675 -0.15219470719523856 1.4730895950685512 -0.01913061961951336 0.07322776065469228 0.16165373578488723 -0.01913061961951336 1.7307152726113306 0.23254330959719416 0.1095759379317675 0.07322776065469228 0.23254330959719416 1.5965883728345198 97
1.6086956521739126 3.7391304347826084 5.695652173913044 5.739130434782608 2.329489603024574 0.028355387523629372 0.054820415879016954 -0.14555765595463155 0.028355387523629372 1.1536862003780715 -0.12287334593572778 0.018903591682419493 0.054820415879016954 -0.12287334593572778 0.9117202268431002 -0.035916824196597356 -0.14555765595463155 0.018903591682419493 -0.035916824196597356 0.8928166351606805 23
5.769230769230768 1.0384615384615383 -0.2307692307692307 5.365384615384615 0.8775147928994081 0.04733727810650897 0.10059171597633136 -0.08875739644970408 0.04733727810650897 2.5831360946745554 -0.06804733727810647 0.043639053254437954 0.10059171597633136 -0.06804733727810647 1.4159763313609464 0.16124260355029593 -0.08875739644970408 0.043639053254437954 0.16124260355029593 1.3164940828402365 52
-0.12631578947368421 -0.2421052631578947 0.9368421052631578 3.063157894736842 1.2945706371191135 0.04310249307479226 0.12886426592797784 0.05008310249307478 0.04310249307479226 1.283490304709141 0.06891966759002775 -0.04786703601108053 0.12886426592797784 0.06891966759002775 1.7065373961218835 -0.301274238227147 0.05008310249307478 -0.04786703601108053 -0.301274238227147 1.8960110803324097 95
4 5 6 6 0.7 0 0 0 0 0.7 0 0 0 0 0.7 0 0 0 0 0.7 1
6.0 4.25 -0.75 5.25 0.7 0.0 0.0 0.0 0.0 1.3875 0.1875 0.6875 0.0 0.1875 0.8875 0.1875 0.0 0.6875 0.1875 1.3875 4
0.6666666666666666 2.222222222222222 5.507936507936508 4.619047619047619 1.8746031746031742 -0.4497354497354497 -0.052910052910052706 -0.3015873015873016 -0.4497354497354497 1.5395061728395059 -0.09700176366843048 0.08465608465608462 -0.052910052910052706 -0.09700176366843048 0.9816830435878052 0.018896447467876033 -0.3015873015873016 0.08465608465608462 0.018896447467876033 1.4755102040816326 63
6 2 0 3 0.7 0 0 0 0 0.7 0 0 0 0 0.7 0 0 0 0 0.7 1
1.1666666666666667 1.0 4.0 2.0 1.172222222222222 0.0 0.3333333333333333 0.0 0.0 0.7 0.0 0.0 0.3333333333333333 0.0 1.3666666666666667 0.0 0.0 0.0 0.0 0.7 6
5.7058823529411775 0.0 3.0 1.1764705882352942 0.9076124567474049 0.05882352941176479 -0.11764705882352941 0.11072664359861599 0.05882352941176479 1.288235294117647 -0.23529411764705888 0.5294117647058824 -0.11764705882352941 -0.23529411764705888 1.4058823529411761 -0.29411764705882354 0.11072664359861599 0.5294117647058824 -0.29411764705882354 1.315916955017301 17
1.45 -0.45000000000000007 6.000000000000001 1.1 1.9475000000000002 0.10250000000000002 0.0 0.20500000000000004 0.10250000000000002 1.1475 0.0 0.29500000000000004 0.0 0.0 0.7 0.0 0.20500000000000004 0.29500000000000004 0.0 1.2899999999999998 20
4.796610169491525 2.7457627118644066 2.610169491525424 4.898305084745763 1.6416834243033605 0.03303648376903191 -0.28267739155415095 0.3013501867279515 0.03303648376903191 1.4997701809824757 -0.048261993679977064 0.26228095374892246 -0.28267739155415095 -0.048261993679977064 1.1751508187302497 -0.0226946279804653 0.3013501867279515 0.26228095374892246 -0.0226946279804653 1.5371157713300776 59
2.5 3.0 2.0 4.0 0.95 0.0 0.0 0.0 0.0 0.7 0.0 0.0 0.0 0.0 0.7 0.0 0.0 0.0 0.0 0.7 2
1.3214285714285716 -0.7142857142857142 3.875 0.8035714285714286 2.346683673469388 0.05102040816326525 0.3794642857142858 0.13456632653061226 0.05102040816326525 0.9040816326530611 0.03571428571428573 0.12755102040816327 0.3794642857142858 0.03571428571428573 1.7022321428571425 0.15401785714285715 0.13456632653061226 0.12755102040816327 0.15401785714285715 1.214987244897959 56
0.5 5.0 5.5 6.0 1.95 0.0 0.0 0.0 0.0 0.7 0.0 0.0 0.0 0.0 0.95 0.0 0.0 0.0 0.0 0.7 8
0.23076923076923078 5.0 0.23076923076923073 6.0 1.8005917159763312 0.0 -0.36094674556213024 0.0 0.0 0.7 0.0 0.0 -0.36094674556213024 0.0 1.8005917159763314 0.0 0.0 0.0 0.0 0.7 13
5.244897959183673 -0.5306122448979592 -0.04081632653061232 1.1836734693877549 1.456351520199917 0.12994585589337787 0.05081216159933352 0.40399833402748875 0.12994585589337787 1.1123281965847562 -0.1645147855060391 0.30154102457309445 0.05081216159933352 -0.1645147855060391 1.5962932111620156 -0.2986255726780506 0.40399833402748875 0.30154102457309445 -0.2986255726780506 1.6254477301124526 49
4.032894736842105 0.4342105263157895 1.6710526315789476 5.032894736842106 2.1265495152354568 -0.4090200831024929 0.010820637119113297 -0.1787136426592801 -0.4090200831024929 1.6693559556786706 -0.25848337950138506 -0.15902008310249266 0.010820637119113297 -0.25848337950138506 2.078635734072022 0.12924168975069203 -0.1787136426592801 -0.15902008310249266 0.12924168975069203 1.4291810941828256 152
0.40425531914893603 -0.21276595744680848 -0.44680851063829785 1.2127659574468082 1.8770031688546847 0.04345857854232685 -0.03214124038026255 -0.06473517428700776 0.04345857854232685 1.33558171118153 -0.0737890448166591 0.5133544590312357 -0.03214124038026255 -0.0737890448166591 1.1599366229062924 -0.22408329560887275 -0.06473517428700776 0.5133544590312357 -0.22408329560887275 1.4632412856496146 47
0.37500000000000006 2.1607142857142856 3.2142857142857144 4.053571428571429 1.7558035714285714 -0.36383928571428586 -0.044642857142857234 -0.35937499999999994 -0.36383928571428586 1.2991709183673468 -0.016581632653061236 0.2771045918367348 -0.044642857142857234 -0.016581632653061236 1.2255102040816326 0.07780612244897948 -0.35937499999999994 0.2771045918367348 0.07780612244897948 1.3221301020408163 56
5.1931818181818175 -0.5909090909090908 5.159090909090908 2.8068181818181817 1.4694989669421479 0.09142561983471084 -0.23527892561983493 0.1736828512396688 0.09142561983471084 1.0326446280991735 0.05991735537190079 -0.12551652892561987 -0.23527892561983493 0.05991735537190079 1.4701446280991737 -0.10563016528925616 0.1736828512396688 -0.12551652892561987 -0.10563016528925616 3.128589876033057 88
0.78 3.06 -0.43999999999999995 5.48 1.7915999999999999 -0.44679999999999975 -0.09679999999999994 0.025600000000000303 -0.44679999999999975 1.5564000000000002 0.20640000000000008 -0.008800000000000252 -0.09679999999999994 0.20640000000000008 1.1864 0.09119999999999986 0.025600000000000303 -0.008800000000000252 0.09119999999999986 1.1096 50
1.40625 3.578125 3.328124999999999 5.6875 2.0037109374999997 -0.3286132812499996 0.10107421875000008 -0.06054687499999978 -0.3286132812499996 1.6313964843749993 -0.142822265625 0.0712890624999998 0.10107421875000008 -0.142822265625 1.3579589843749997 0.02441406250000004 -0.06054687499999978 0.0712890624999998 0.02441406250000004 0.9148437499999998 64
5.937499999999999 1.9999999999999998 3.0 3.5 0.75859375 9.8879238130678e-17 -2.255140518769849e-16 0.03125000000000002 9.8879238130678e-17 1.1999999999999997 0.1249999999999998 0.18749999999999994 -2.255140518769849e-16 0.1249999999999998 1.7000000000000002 0.12499999999999994 0.03125000000000002 0.18749999999999994 0.12499999999999994 0.9499999999999998 16
4.216216216216216 1.009009009009009 5.198198198198197 4.126126126126126 1.8064037009982958 0.1602142683223763 -0.06988069150231317 0.07182858534209892 0.1602142683223763 1.6999188377566756 0.01623244866488057 -0.3795146497849204 -0.06988069150231317 0.01623244866488057 1.2733300868436002 0.1641912182452728 0.07182858534209892 -0.3795146497849204 0.1641912182452728 1.8372453534615703 111
-1 2 2 3 0.7 0 0 0 0 0.7 0 0 0 0 0.7 0 0 0 0 0.7 1
-0.33333333333333337 1.528735632183908 0.3908045977011494 5.206896551724137 1.2440613026819922 -0.0881226053639847 -0.030651340996168577 0.03448275862068961 -0.0881226053639847 2.0756110450521867 0.5175056150085877 -0.23583036068172805 -0.030651340996168577 0.5175056150085877 1.7196855595190907 0.08006341656757854 0.03448275862068961 -0.23583036068172805 0.08006341656757854 1.277883472057075 87
0.5307692307692309 -0.11538461538461539 3.815384615384616 5.430769230769231 2.056745562130178 -0.19260355029585796 0.1287573964497042 -0.028639053254437528 -0.19260355029585796 1.4482248520710057 0.017159763313609494 0.11124260355029582 0.1287573964497042 0.017159763313609494 2.435147928994084 0.02568047337278124 -0.028639053254437528 0.11124260355029582 0.02568047337278124 1.145207100591716 130
6.0 4.6 4.199999999999999 5.6 0.7 0.0 0.0 0.0 0.0 0.94 -0.1200000000000001 0.24 0.0 -0.1200000000000001 1.26 -0.1200000000000001 0.0 0.24 -0.1200000000000001 0.94 5
5.5 4.5 6.0 5.5 0.95 0.0 0.0 0.0 0.0 0.95 0.0 0.25 0.0 0.0 0.7 0.0 0.0 0.25 0.0 0.95 4
4.818181818181818 2.8484848484848486 4.848484848484849 5.696969696969697 1.6063360881542708 -0.13360881542699707 -0.08815426997245165 0.020661157024793552 -0.13360881542699707 2.1315886134067954 -0.09871441689623543 -0.07621671258034873 -0.08815426997245165 -0.09871441689623543 1.3740128558310376 -0.00045913682277326853 0.020661157024793552 -0.07621671258034873 -0.00045913682277326853 0.9112029384756657 66
0.5333333333333334 2.1999999999999997 0.13333333333333333 3.2 1.748888888888889 0.02666666666666656 -0.004444444444444445 0.02666666666666656 0.02666666666666656 0.8599999999999999 0.10666666666666663 0.15999999999999995 -0.004444444444444445 0.10666666666666663 1.3488888888888888 0.10666666666666663 0.02666666666666656 0.15999999999999995 0.10666666666666663 0.8599999999999999 15
3.5703124999999996 -0.15625000000000003 2.140625 2.2890625 1.9919311523437495 -0.067138671875 -0.17395019531250006 0.07733154296874989 -0.067138671875 1.3474609375 -0.21240234374999992 0.07641601562499997 -0.17395019531250006 -0.21240234374999992 1.8989746093750002 0.16247558593750025 0.07733154296874989 0.07641601562499997 0.16247558593750025 1.5930053710937502 128
