50 -1
-2.0 -1.5 -2.0 -1.5 1.0 0.0 0.7 0.0 0.0 1.25 0.0 0.95 0.7 0.0 1.0 0.0 0.0 0.95 0.0 1.25 11.2
-2.0 0.5 -2.0 0.5 1.0 0.0 0.7 0.0 0.0 1.25 0.0 0.95 0.7 0.0 1.0 0.0 0.0 0.95 0.0 1.25 11.2
-2.0 2.5 -2.0 2.5 1.0 0.0 0.7 0.0 0.0 1.25 0.0 0.95 0.7 0.0 1.0 0.0 0.0 0.95 0.0 1.25 11.2
-2.0 4.5 -2.0 4.5 1.0 0.0 0.7 0.0 0.0 1.25 0.0 0.95 0.7 0.0 1.0 0.0 0.0 0.95 0.0 1.25 11.2
-2.0 6.5 -2.0 6.5 1.0 0.0 0.7 0.0 0.0 1.25 0.0 0.95 0.7 0.0 1.0 0.0 0.0 0.95 0.0 1.25 11.2
-1.0 -1.5 -1.0 -1.5 1.0 0.0 0.7 0.0 0.0 1.25 0.0 0.95 0.7 0.0 1.0 0.0 0.0 0.95 0.0 1.25 11.2
-1.0 0.5 -1.0 0.5 1.0 0.0 0.7 0.0 0.0 1.25 0.0 0.95 0.7 0.0 1.0 0.0 0.0 0.95 0.0 1.25 11.2
-1.0 2.5 -1.0 2.5 1.0 0.0 0.7 0.0 0.0 1.25 0.0 0.95 0.7 0.0 1.0 0.0 0.0 0.95 0.0 1.25 11.2
-1.0 4.5 -1.0 4.5 1.0 0.0 0.7 0.0 0.0 1.25 0.0 0.95 0.7 0.0 1.0 0.0 0.0 0.95 0.0 1.25 11.2
-1.0 6.5 -1.0 6.5 1.0 0.0 0.7 0.0 0.0 1.25 0.0 0.95 0.7 0.0 1.0 0.0 0.0 0.95 0.0 1.25 11.2
0.0 -1.5 0.0 -1.5 1.0 0.0 0.7 0.0 0.0 1.25 0.0 0.95 0.7 0.0 1.0 0.0 0.0 0.95 0.0 1.25 11.2
0.0 0.5 0.0 0.5 1.0 0.0 0.7 0.0 0.0 1.25 0.0 0.95 0.7 0.0 1.0 0.0 0.0 0.95 0.0 1.25 11.2
0.0 2.5 0.0 2.5 1.0 0.0 0.7 0.0 0.0 1.25 0.0 0.95 0.7 0.0 1.0 0.0 0.0 0.95 0.0 1.25 11.2
0.0 4.5 0.0 4.5 1.0 0.0 0.7 0.0 0.0 1.25 0.0 0.95 0.7 0.0 1.0 0.0 0.0 0.95 0.0 1.25 11.2
0.0 6.5 0.0 6.5 1.0 0.0 0.7 0.0 0.0 1.25 0.0 0.95 0.7 0.0 1.0 0.0 0.0 0.95 0.0 1.25 11.2
1.0 -1.5 1.0 -1.5 1.0 0.0 0.7 0.0 0.0 1.25 0.0 0.95 0.7 0.0 1.0 0.0 0.0 0.95 0.0 1.25 11.2
1.0 0.5 1.0 0.5 1.0 0.0 0.7 0.0 0.0 1.25 0.0 0.95 0.7 0.0 1.0 0.0 0.0 0.95 0.0 1.25 11.2
1.0 2.5 1.0 2.5 1.0 0.0 0.7 0.0 0.0 1.25 0.0 0.95 0.7 0.0 1.0 0.0 0.0 0.95 0.0 1.25 11.2
1.0 4.5 1.0 4.5 1.0 0.0 0.7 0.0 0.0 1.25 0.0 0.95 0.7 0.0 1.0 0.0 0.0 0.95 0.0 1.25 11.2
1.0 6.5 1.0 6.5 1.0 0.0 0.7 0.0 0.0 1.25 0.0 0.95 0.7 0.0 1.0 0.0 0.0 0.95 0.0 1.25 11.2
2.0 -1.5 2.0 -1.5 1.0 0.0 0.7 0.0 0.0 1.25 0.0 0.95 0.7 0.0 1.0 0.0 0.0 0.95 0.0 1.25 11.2
2.0 0.5 2.0 0.5 1.0 0.0 0.7 0.0 0.0 1.25 0.0 0.95 0.7 0.0 1.0 0.0 0.0 0.95 0.0 1.25 11.2
2.0 2.5 2.0 2.5 1.0 0.0 0.7 0.0 0.0 1.25 0.0 0.95 0.7 0.0 1.0 0.0 0.0 0.95 0.0 1.25 11.2
2.0 4.5 2.0 4.5 1.0 0.0 0.7 0.0 0.0 1.25 0.0 0.95 0.7 0.0 1.0 0.0 0.0 0.95 0.0 1.25 11.2
2.0 6.5 2.0 6.5 1.0 0.0 0.7 0.0 0.0 1.25 0.0 0.95 0.7 0.0 1.0 0.0 0.0 0.95 0.0 1.25 11.2
3.0 -1.5 3.0 -1.5 1.0 0.0 0.7 0.0 0.0 1.25 0.0 0.95 0.7 0.0 1.0 0.0 0.0 0.95 0.0 1.25 11.2
3.0 0.5 3.0 0.5 1.0 0.0 0.7 0.0 0.0 1.25 0.0 0.95 0.7 0.0 1.0 0.0 0.0 0.95 0.0 1.25 11.2
3.0 2.5 3.0 2.5 1.0 0.0 0.7 0.0 0.0 1.25 0.0 0.95 0.7 0.0 1.0 0.0 0.0 0.95 0.0 1.25 11.2
3.0 4.5 3.0 4.5 1.0 0.0 0.7 0.0 0.0 1.25 0.0 0.95 0.7 0.0 1.0 0.0 0.0 0.95 0.0 1.25 11.2
3.0 6.5 3.0 6.5 1.0 0.0 0.7 0.0 0.0 1.25 0.0 0.95 0.7 0.0 1.0 0.0 0.0 0.95 0.0 1.25 11.2
4.0 -1.5 4.0 -1.5 1.0 0.0 0.7 0.0 0.0 1.25 0.0 0.95 0.7 0.0 1.0 0.0 0.0 0.95 0.0 1.25 11.2
4.0 0.5 4.0 0.5 1.0 0.0 0.7 0.0 0.0 1.25 0.0 0.95 0.7 0.0 1.0 0.0 0.0 0.95 0.0 1.25 11.2
4.0 2.5 4.0 2.5 1.0 0.0 0.7 0.0 0.0 1.25 0.0 0.95 0.7 0.0 1.0 0.0 0.0 0.95 0.0 1.25 11.2
4.0 4.5 4.0 4.5 1.0 0.0 0.7 0.0 0.0 1.25 0.0 0.95 0.7 0.0 1.0 0.0 0.0 0.95 0.0 1.25 11.2
4.0 6.5 4.0 6.5 1.0 0.0 0.7 0.0 0.0 1.25 0.0 0.95 0.7 0.0 1.0 0.0 0.0 0.95 0.0 1.25 11.2
5.0 -1.5 5.0 -1.5 1.0 0.0 0.7 0.0 0.0 1.25 0.0 0.95 0.7 0.0 1.0 0.0 0.0 0.95 0.0 1.25 11.2
5.0 0.5 5.0 0.5 1.0 0.0 0.7 0.0 0.0 1.25 0.0 0.95 0.7 0.0 1.0 0.0 0.0 0.95 0.0 1.25 11.2
5.0 2.5 5.0 2.5 1.0 0.0 0.7 0.0 0.0 1.25 0.0 0.95 0.7 0.0 1.0 0.0 0.0 0.95 0.0 1.25 11.2
5.0 4.5 5.0 4.5 1.0 0.0 0.7 0.0 0.0 1.25 0.0 0.95 0.7 0.0 1.0 0.0 0.0 0.95 0.0 1.25 11.2
5.0 6.5 5.0 6.5 1.0 0.0 0.7 0.0 0.0 1.25 0.0 0.95 0.7 0.0 1.0 0.0 0.0 0.95 0.0 1.25 11.2
6.0 -1.5 6.0 -1.5 1.0 0.0 0.7 0.0 0.0 1.25 0.0 0.95 0.7 0.0 1.0 0.0 0.0 0.95 0.0 1.25 11.2
6.0 0.5 6.0 0.5 1.0 0.0 0.7 0.0 0.0 1.25 0.0 0.95 0.7 0.0 1.0 0.0 0.0 0.95 0.0 1.25 11.2
6.0 2.5 6.0 2.5 1.0 0.0 0.7 0.0 0.0 1.25 0.0 0.95 0.7 0.0 1.0 0.0 0.0 0.95 0.0 1.25 11.2
6.0 4.5 6.0 4.5 1.0 0.0 0.7 0.0 0.0 1.25 0.0 0.95 0.7 0.0 1.0 0.0 0.0 0.95 0.0 1.25 11.2
6.0 6.5 6.0 6.5 1.0 0.0 0.7 0.0 0.0 1.25 0.0 0.95 0.7 0.0 1.0 0.0 0.0 0.95 0.0 1.25 11.2
7.0 -1.5 7.0 -1.5 1.0 0.0 0.7 0.0 0.0 1.25 0.0 0.95 0.7 0.0 1.0 0.0 0.0 0.95 0.0 1.25 11.2
7.0 0.5 7.0 0.5 1.0 0.0 0.7 0.0 0.0 1.25 0.0 0.95 0.7 0.0 1.0 0.0 0.0 0.95 0.0 1.25 11.2
7.0 2.5 7.0 2.5 1.0 0.0 0.7 0.0 0.0 1.25 0.0 0.95 0.7 0.0 1.0 0.0 0.0 0.95 0.0 1.25 11.2
7.0 4.5 7.0 4.5 1.0 0.0 0.7 0.0 0.0 1.25 0.0 0.95 0.7 0.0 1.0 0.0 0.0 0.95 0.0 1.25 11.2
7.0 6.5 7.0 6.5 1.0 0.0 0.7 0.0 0.0 1.25 0.0 0.95 0.7 0.0 1.0 0.0 0.0 0.95 0.0 1.25 11.2
